220
361.092 231.795 101.061 1
372.227 202.682 98.3611 1
378.836 172.188 87.5693 1
388.119 126.813 70.6447 1
393.662 82.565 48.6106 1
387.299 59.788 22.7471 1
366.742 66.8269 -4.74891 1
336.913 96.8768 -30.8511 1
308.356 130.985 -52.1277 1
289.373 154.245 -65.8626 1
273.975 180.865 -71.6141 1
262.84 209.979 -68.9142 1
257.058 238.735 -58.0274 1
257.197 264.319 -40.0191 1
263.241 284.227 -16.6523 1
274.601 296.51 9.78576 1
290.162 299.965 36.7072 1
308.403 294.255 61.4767 1
327.538 279.938 81.6696 1
345.693 258.416 95.3094 1
383.409 241.338 81.3182 1
393.452 211.758 79.5847 1
396.89 179.909 71.5972 1
401.237 132.422 59.0403 1
400.559 85.5141 42.5098 1
387.299 59.788 22.7471 1
359.845 63.8778 1.35191 1
323.796 91.2673 -19.2466 1
290.302 123.264 -36.1555 1
268.149 145.168 -47.0862 1
251.658 171.322 -51.8714 1
241.615 200.902 -50.1379 1
239.004 231.014 -42.0552 1
244.08 258.71 -28.4147 1
256.345 281.278 -10.5515 1
274.601 296.51 9.78576 1
297.058 302.914 30.6064 1
321.521 299.864 49.8722 1
345.592 287.659 65.6975 1
366.918 267.492 76.533 1
399.277 247.455 55.0568 1
408.543 217.575 54.6086 1
409.728 184.857 50.3512 1
410.564 136.017 43.6042 1
405.462 87.4042 34.3945 1
387.299 59.788 22.7471 1
354.942 61.9877 9.46713 1
314.469 87.6721 -3.81056 1
277.464 118.316 -14.9096 1
253.058 139.351 -22.1101 1
235.79 165.205 -25.61 1
226.524 195.085 -25.1617 1
226.166 226.066 -20.8093 1
234.753 255.115 -12.9786 1
251.442 279.388 -2.43628 1
274.601 296.51 9.78576 1
301.962 304.804 22.4911 1
330.848 303.46 34.4361 1
358.43 292.607 44.4515 1
382.009 273.309 51.5569 1
407.143 249.546 24.8473 1
416.024 219.564 25.8776 1
416.092 186.549 25.9112 1
415.187 137.246 25.8475 1
407.893 88.0504 25.0593 1
387.299 59.788 22.7471 1
352.511 61.3415 18.8024 1
309.845 86.4431 13.9462 1
271.1 116.624 9.53045 1
245.577 137.362 6.62088 1
227.924 163.114 4.59957 1
219.043 193.097 3.56924 1
219.802 224.374 3.63077 1
230.129 253.885 4.77812 1
249.011 278.742 6.89899 1
274.601 296.51 9.78576 1
304.393 305.451 13.1559 1
335.471 304.689 16.6794 1
364.794 294.299 20.0115 1
389.49 275.298 22.8259 1
406.238 247.407 -6.35328 1
415.163 217.529 -3.79589 1
415.359 184.818 0.669419 1
414.655 135.989 7.50825 1
407.613 87.3893 15.4178 1
387.299 59.788 22.7471 1
352.791 62.0026 28.4439 1
310.377 87.7005 32.2854 1
271.832 118.355 34.7722 1
246.437 139.397 36.2944 1
228.829 165.254 35.8001 1
219.903 195.131 33.2427 1
220.535 226.105 28.8725 1
230.661 255.143 23.1173 1
249.291 279.403 16.5405 1
274.601 296.51 9.78576 1
304.113 304.79 3.51437 1
334.939 303.431 -1.6598 1
364.062 292.568 -5.23027 1
388.63 273.263 -6.84753 1
396.65 241.246 -35.4907 1
406.045 211.67 -31.5072 1
407.602 179.834 -22.9032 1
409.02 132.368 -9.61829 1
404.65 85.4857 6.41383 1
387.299 59.788 22.7471 1
355.754 63.9062 37.4478 1
316.013 91.3213 49.4119 1
279.589 123.338 58.3449 1
255.556 145.256 64.0057 1
238.417 171.414 64.9375 1
229.022 200.99 60.954 1
228.292 231.089 52.4452 1
236.297 258.764 40.2439 1
252.254 281.306 25.5444 1
274.601 296.51 9.78576 1
301.15 302.886 -5.48958 1
329.303 299.81 -18.7863 1
356.305 287.584 -28.8029 1
379.511 267.405 -34.5589 1
379.317 231.668 -59.7128 1
389.56 202.561 -54.5438 1
393.58 172.086 -42.4993 1
398.832 126.738 -23.8557 1
399.294 82.5259 -1.07121 1
387.299 59.788 22.7471 1
361.11 66.866 44.9329 1
326.201 96.9511 63.6493 1
293.612 131.087 77.941 1
272.041 154.365 87.0423 1
255.75 180.992 89.1596 1
245.507 210.099 83.9906 1
242.314 238.837 72.0413 1
246.485 264.394 54.4813 1
257.61 284.266 33.0295 1
274.601 296.51 9.78576 1
295.794 299.926 -12.9746 1
319.116 294.181 -33.0237 1
342.282 279.836 -48.399 1
363.026 258.295 -57.5954 1
355.937 219.61 -76.6486 1
367.324 191.093 -70.6507 1
374.665 162.33 -56.2007 1
385.089 119.65 -33.8103 1
392.069 78.7997 -6.30465 1
387.299 59.788 22.7471 1
368.335 70.5922 50.1663 1
339.943 104.039 73.6039 1
312.527 140.843 91.6423 1
294.277 165.833 103.149 1
279.13 193.05 106.095 1
267.743 221.567 100.098 1
261.229 248.593 85.7426 1
260.227 271.481 64.4359 1
264.835 287.992 38.2629 1
274.601 296.51 9.78576 1
288.569 296.2 -18.2081 1
305.373 287.093 -42.9783 1
323.367 270.08 -62.1003 1
340.79 246.827 -73.7023 1
328.797 206.252 -84.6402 1
341.513 178.389 -78.2512 1
352.708 151.523 -62.666 1
369.137 111.799 -38.5076 1
383.683 74.6718 -8.7742 1
387.299 59.788 22.7471 1
376.721 74.7201 52.6359 1
355.896 111.891 78.3013 1
334.484 151.65 98.1077 1
320.088 178.537 110.75 1
306.27 206.408 114.087 1
293.554 234.272 107.698 1
283.186 259.4 92.208 1
276.18 279.333 69.1332 1
273.221 292.12 40.7325 1
274.601 296.51 9.78576 1
280.183 292.072 -20.6776 1
289.421 279.241 -47.6757 1
301.411 259.273 -68.5657 1
314.979 234.123 -81.3028 1
300.555 192.901 -82.9054 1
314.653 165.692 -76.6013 1
329.86 140.722 -61.2626 1
352.536 103.951 -37.488 1
374.955 70.5462 -8.23813 1
387.299 59.788 22.7471 1
385.449 78.8457 52.0998 1
372.496 119.738 77.2816 1
357.332 162.451 96.7042 1
346.948 191.235 109.1 1
334.512 219.759 112.352 1
320.414 246.969 106.048 1
306.034 270.201 90.8045 1
292.78 287.18 68.1136 1
281.949 296.246 40.1964 1
274.601 296.51 9.78576 1
271.455 287.946 -20.1415 1
272.82 271.394 -46.656 1
278.562 248.472 -67.1623 1
288.119 221.426 -79.653 1
273.975 180.865 -71.6141 1
289.373 154.245 -65.8626 1
308.356 130.985 -52.1277 1
336.913 96.8768 -30.8511 1
366.742 66.8269 -4.74891 1
387.299 59.788 22.7471 1
393.662 82.565 48.6106 1
388.119 126.813 70.6447 1
378.836 172.188 87.5693 1
372.227 202.682 98.3611 1
361.092 231.795 101.061 1
345.693 258.416 95.3094 1
327.538 279.938 81.6696 1
308.403 294.255 61.4767 1
290.162 299.965 36.7072 1
274.601 296.51 9.78576 1
263.241 284.227 -16.6523 1
257.197 264.319 -40.0191 1
257.058 238.735 -58.0274 1
262.84 209.979 -68.9142 1
398
0 1 20
1 20 21
1 2 21
2 21 22
2 3 22
3 22 23
3 4 23
4 23 24
4 5 24
5 24 25
5 6 25
6 25 26
6 7 26
7 26 27
7 8 27
8 27 28
8 9 28
9 28 29
9 10 29
10 29 30
10 11 30
11 30 31
11 12 31
12 31 32
12 13 32
13 32 33
13 14 33
14 33 34
14 15 34
15 34 35
15 16 35
16 35 36
16 17 36
17 36 37
17 18 37
18 37 38
18 19 38
19 38 39
19 20 39
20 39 40
20 21 40
21 40 41
21 22 41
22 41 42
22 23 42
23 42 43
23 24 43
24 43 44
24 25 44
25 44 45
25 26 45
26 45 46
26 27 46
27 46 47
27 28 47
28 47 48
28 29 48
29 48 49
29 30 49
30 49 50
30 31 50
31 50 51
31 32 51
32 51 52
32 33 52
33 52 53
33 34 53
34 53 54
34 35 54
35 54 55
35 36 55
36 55 56
36 37 56
37 56 57
37 38 57
38 57 58
38 39 58
39 58 59
39 40 59
40 59 60
40 41 60
41 60 61
41 42 61
42 61 62
42 43 62
43 62 63
43 44 63
44 63 64
44 45 64
45 64 65
45 46 65
46 65 66
46 47 66
47 66 67
47 48 67
48 67 68
48 49 68
49 68 69
49 50 69
50 69 70
50 51 70
51 70 71
51 52 71
52 71 72
52 53 72
53 72 73
53 54 73
54 73 74
54 55 74
55 74 75
55 56 75
56 75 76
56 57 76
57 76 77
57 58 77
58 77 78
58 59 78
59 78 79
59 60 79
60 79 80
60 61 80
61 80 81
61 62 81
62 81 82
62 63 82
63 82 83
63 64 83
64 83 84
64 65 84
65 84 85
65 66 85
66 85 86
66 67 86
67 86 87
67 68 87
68 87 88
68 69 88
69 88 89
69 70 89
70 89 90
70 71 90
71 90 91
71 72 91
72 91 92
72 73 92
73 92 93
73 74 93
74 93 94
74 75 94
75 94 95
75 76 95
76 95 96
76 77 96
77 96 97
77 78 97
78 97 98
78 79 98
79 98 99
79 80 99
80 99 100
80 81 100
81 100 101
81 82 101
82 101 102
82 83 102
83 102 103
83 84 103
84 103 104
84 85 104
85 104 105
85 86 105
86 105 106
86 87 106
87 106 107
87 88 107
88 107 108
88 89 108
89 108 109
89 90 109
90 109 110
90 91 110
91 110 111
91 92 111
92 111 112
92 93 112
93 112 113
93 94 113
94 113 114
94 95 114
95 114 115
95 96 115
96 115 116
96 97 116
97 116 117
97 98 117
98 117 118
98 99 118
99 118 119
99 100 119
100 119 120
100 101 120
101 120 121
101 102 121
102 121 122
102 103 122
103 122 123
103 104 123
104 123 124
104 105 124
105 124 125
105 106 125
106 125 126
106 107 126
107 126 127
107 108 127
108 127 128
108 109 128
109 128 129
109 110 129
110 129 130
110 111 130
111 130 131
111 112 131
112 131 132
112 113 132
113 132 133
113 114 133
114 133 134
114 115 134
115 134 135
115 116 135
116 135 136
116 117 136
117 136 137
117 118 137
118 137 138
118 119 138
119 138 139
119 120 139
120 139 140
120 121 140
121 140 141
121 122 141
122 141 142
122 123 142
123 142 143
123 124 143
124 143 144
124 125 144
125 144 145
125 126 145
126 145 146
126 127 146
127 146 147
127 128 147
128 147 148
128 129 148
129 148 149
129 130 149
130 149 150
130 131 150
131 150 151
131 132 151
132 151 152
132 133 152
133 152 153
133 134 153
134 153 154
134 135 154
135 154 155
135 136 155
136 155 156
136 137 156
137 156 157
137 138 157
138 157 158
138 139 158
139 158 159
139 140 159
140 159 160
140 141 160
141 160 161
141 142 161
142 161 162
142 143 162
143 162 163
143 144 163
144 163 164
144 145 164
145 164 165
145 146 165
146 165 166
146 147 166
147 166 167
147 148 167
148 167 168
148 149 168
149 168 169
149 150 169
150 169 170
150 151 170
151 170 171
151 152 171
152 171 172
152 153 172
153 172 173
153 154 173
154 173 174
154 155 174
155 174 175
155 156 175
156 175 176
156 157 176
157 176 177
157 158 177
158 177 178
158 159 178
159 178 179
159 160 179
160 179 180
160 161 180
161 180 181
161 162 181
162 181 182
162 163 182
163 182 183
163 164 183
164 183 184
164 165 184
165 184 185
165 166 185
166 185 186
166 167 186
167 186 187
167 168 187
168 187 188
168 169 188
169 188 189
169 170 189
170 189 190
170 171 190
171 190 191
171 172 191
172 191 192
172 173 192
173 192 193
173 174 193
174 193 194
174 175 194
175 194 195
175 176 195
176 195 196
176 177 196
177 196 197
177 178 197
178 197 198
178 179 198
179 198 199
179 180 199
180 199 200
180 181 200
181 200 201
181 182 201
182 201 202
182 183 202
183 202 203
183 184 203
184 203 204
184 185 204
185 204 205
185 186 205
186 205 206
186 187 206
187 206 207
187 188 207
188 207 208
188 189 208
189 208 209
189 190 209
190 209 210
190 191 210
191 210 211
191 192 211
192 211 212
192 193 212
193 212 213
193 194 213
194 213 214
194 195 214
195 214 215
195 196 215
196 215 216
196 197 216
197 216 217
197 198 217
198 217 218
198 199 218
199 218 219
