440
336.487 277.403 160.671 1
312.551 317.397 166.148 1
280.223 351.079 161.361 1
242.669 375.152 146.779 1
203.565 387.26 123.83 1
166.738 386.218 94.7584 1
135.793 372.128 62.4115 1
113.759 346.368 29.9551 1
102.794 311.46 0.566446 1
103.97 270.823 -22.8778 1
117.173 228.432 -38.0827 1
141.109 188.438 -43.5599 1
173.436 154.756 -38.7733 1
210.99 130.683 -24.1914 1
250.095 118.574 -1.24159 1
286.922 119.617 27.8296 1
317.867 133.707 60.1766 1
339.9 159.467 92.6329 1
350.866 194.374 122.022 1
349.69 235.012 145.466 1
326.164 270.383 170.098 1
302.618 309.724 175.486 1
270.818 342.857 170.777 1
233.877 366.537 156.433 1
195.41 378.448 133.858 1
159.184 377.423 105.261 1
128.744 363.562 73.4415 1
107.07 338.222 41.5146 1
96.2835 303.885 12.6054 1
97.4404 263.91 -10.4563 1
110.427 222.211 -25.4132 1
133.973 182.869 -30.801 1
165.773 149.737 -26.0925 1
202.715 126.056 -11.7485 1
241.181 114.145 10.8269 1
277.407 115.171 39.4238 1
307.847 129.031 71.2431 1
329.521 154.371 103.17 1
340.308 188.709 132.079 1
339.151 228.684 155.141 1
313.273 263.251 175.359 1
290.861 300.699 180.488 1
260.591 332.236 176.006 1
225.428 354.777 162.352 1
188.813 366.115 140.864 1
154.331 365.139 113.643 1
125.356 351.945 83.3553 1
104.725 327.825 52.9652 1
94.4575 295.14 25.4474 1
95.5587 257.089 3.49568 1
107.921 217.397 -10.7413 1
130.333 179.95 -15.8698 1
160.603 148.412 -11.3879 1
195.766 125.871 2.26569 1
232.381 114.533 23.7545 1
266.863 115.509 50.975 1
295.838 128.703 81.2627 1
316.469 152.823 111.653 1
326.737 185.508 139.171 1
325.635 223.559 161.122 1
299.077 256.705 175.941 1
278.43 291.204 180.665 1
250.544 320.258 176.536 1
218.15 341.023 163.958 1
184.419 351.468 144.162 1
152.652 350.569 119.085 1
125.959 338.414 91.1826 1
106.953 316.194 63.1859 1
97.4946 286.083 37.8354 1
98.5091 251.029 17.6125 1
109.897 214.463 4.49683 1
130.545 179.965 -0.227798 1
158.43 150.911 3.90111 1
190.824 130.145 16.4794 1
224.555 119.7 36.2758 1
256.322 120.599 61.3525 1
283.015 132.754 89.2548 1
302.021 154.974 117.251 1
311.48 185.085 142.602 1
310.465 220.139 162.825 1
284.965 251.387 171.785 1
266.542 282.169 176 1
241.66 308.093 172.316 1
212.756 326.622 161.093 1
182.658 335.941 143.429 1
154.314 335.139 121.054 1
130.496 324.294 96.1571 1
113.537 304.467 71.1763 1
105.098 277.6 48.5567 1
106.003 246.322 30.5123 1
116.164 213.695 18.8095 1
134.588 182.913 14.5938 1
159.469 156.989 18.278 1
188.373 138.46 29.5012 1
218.471 129.141 47.1651 1
246.816 129.943 69.5404 1
270.633 140.788 94.437 1
287.592 160.615 119.418 1
296.032 187.482 142.037 1
295.126 218.76 160.082 1
272.318 247.816 163.298 1
256.36 274.478 166.95 1
234.809 296.933 163.758 1
209.773 312.982 154.037 1
183.703 321.054 138.737 1
159.152 320.359 119.356 1
138.522 310.966 97.7918 1
123.833 293.792 76.1543 1
116.522 270.521 56.5618 1
117.306 243.429 40.9323 1
126.108 215.169 30.7957 1
142.066 188.506 27.1443 1
163.617 166.051 30.3353 1
188.653 150.002 40.0566 1
214.723 141.93 55.3565 1
239.274 142.625 74.7373 1
259.904 152.019 96.3019 1
274.593 169.192 117.939 1
281.903 192.464 137.532 1
281.119 219.556 153.161 1
262.374 246.342 151.312 1
248.882 268.885 154.399 1
230.66 287.871 151.701 1
209.493 301.44 143.482 1
187.451 308.265 130.546 1
166.693 307.677 114.16 1
149.251 299.735 95.9269 1
136.831 285.215 77.6325 1
130.65 265.539 61.0672 1
131.313 242.633 47.8526 1
138.755 218.739 39.2822 1
152.247 196.196 36.1949 1
170.469 177.211 38.893 1
191.636 163.642 47.1122 1
213.678 156.817 60.0481 1
234.436 157.404 76.4344 1
251.879 165.347 94.6672 1
264.298 179.867 112.962 1
270.479 199.542 129.527 1
269.816 222.448 142.741 1
256.107 247.11 136.999 1
244.839 265.937 139.577 1
229.622 281.792 137.324 1
211.944 293.125 130.46 1
193.536 298.824 119.657 1
176.2 298.334 105.972 1
161.633 291.701 90.7447 1
151.261 279.575 75.4663 1
146.099 263.143 61.6319 1
146.653 244.013 50.5958 1
152.867 224.058 43.4383 1
164.135 205.231 40.8599 1
179.353 189.376 43.1132 1
197.031 178.043 49.9774 1
215.439 172.344 60.7808 1
232.775 172.834 74.4657 1
247.342 179.467 89.6927 1
257.714 191.593 104.971 1
262.876 208.026 118.805 1
262.322 227.155 129.842 1
254.13 250.045 121.761 1
244.628 265.922 123.935 1
231.794 279.294 122.035 1
216.885 288.851 116.246 1
201.361 293.657 107.135 1
186.741 293.244 95.5942 1
174.456 287.65 82.7526 1
165.709 277.423 69.8677 1
161.356 263.565 58.2005 1
161.822 247.432 48.8933 1
167.064 230.603 42.857 1
176.566 214.726 40.6826 1
189.4 201.354 42.5829 1
204.309 191.797 48.3718 1
219.833 186.991 57.4827 1
234.453 187.404 69.0239 1
246.738 192.998 81.8654 1
255.485 203.225 94.7504 1
259.839 217.083 106.418 1
259.372 233.216 115.725 1
256.637 254.858 107.089 1
248.268 268.842 109.004 1
236.965 280.619 107.331 1
223.834 289.036 102.232 1
210.161 293.269 94.2077 1
197.285 292.905 84.043 1
186.465 287.978 72.733 1
178.761 278.971 61.3847 1
174.927 266.766 51.109 1
175.338 252.557 42.9118 1
179.954 237.735 37.5954 1
188.324 223.752 35.6803 1
199.627 211.975 37.3539 1
212.757 203.558 42.4525 1
226.43 199.324 50.4768 1
239.307 199.688 60.6415 1
250.127 204.615 71.9516 1
257.831 213.622 83.2999 1
261.665 225.827 93.5755 1
261.253 240.036 101.773 1
263.382 261.079 94.4196 1
255.403 274.411 96.2453 1
244.628 285.638 94.6498 1
232.11 293.662 89.7892 1
219.075 297.698 82.1392 1
206.799 297.351 72.4488 1
196.484 292.654 61.6665 1
189.14 284.068 50.8477 1
185.485 272.432 41.0515 1
185.877 258.886 33.2368 1
190.277 244.756 28.1685 1
198.256 231.424 26.3427 1
209.032 220.197 27.9383 1
221.55 212.173 32.7989 1
234.585 208.136 40.4488 1
246.86 208.484 50.1392 1
257.175 213.181 60.9216 1
264.52 221.767 71.7403 1
268.175 233.403 81.5366 1
267.783 246.949 89.3513 1
273.705 268.1 84.9926 1
265.336 282.083 86.9077 1
254.033 293.86 85.2341 1
240.902 302.277 80.1356 1
227.229 306.511 72.1112 1
214.353 306.147 61.9465 1
203.533 301.22 50.6365 1
195.829 292.213 39.2882 1
191.995 280.008 29.0125 1
192.406 265.799 20.8153 1
197.022 250.977 15.4989 1
205.392 236.993 13.5838 1
216.695 225.216 15.2575 1
229.826 216.799 20.356 1
243.498 212.565 28.3803 1
256.375 212.93 38.545 1
267.195 217.857 49.8551 1
274.899 226.864 61.2034 1
278.733 239.069 71.4791 1
278.322 253.278 79.6763 1
286.596 275.232 79.731 1
277.093 291.109 81.9054 1
264.26 304.48 80.0052 1
249.351 314.037 74.2163 1
233.827 318.844 65.1053 1
219.206 318.431 53.5642 1
206.922 312.837 40.7226 1
198.174 302.61 27.8377 1
193.821 288.752 16.1705 1
194.288 272.619 6.86329 1
199.529 255.79 0.827031 1
209.032 239.913 -1.3474 1
221.866 226.541 0.552863 1
236.774 216.984 6.34179 1
252.299 212.177 15.4527 1
266.919 212.591 26.9939 1
279.204 218.185 39.8354 1
287.951 228.412 52.7204 1
292.304 242.27 64.3875 1
291.837 258.403 73.6948 1
300.792 281.777 79.1498 1
289.524 300.604 81.7281 1
274.307 316.459 79.4749 1
256.629 327.791 72.6106 1
238.221 333.491 61.8073 1
220.885 333.001 48.1223 1
206.318 326.368 32.8954 1
195.946 314.241 17.6169 1
190.784 297.809 3.78256 1
191.338 278.679 -7.25353 1
197.552 258.725 -14.4111 1
208.82 239.898 -16.9894 1
224.038 224.042 -14.7362 1
241.716 212.71 -7.8719 1
260.124 207.01 2.93145 1
277.46 207.501 16.6164 1
292.027 214.134 31.8433 1
302.399 226.26 47.1218 1
307.561 242.692 60.9562 1
307.007 261.822 71.9923 1
314.905 287.096 83.3058 1
301.413 309.639 86.3931 1
283.191 328.624 83.6951 1
262.023 342.193 75.4758 1
239.982 349.018 62.5399 1
219.224 348.431 46.1536 1
201.781 340.488 27.9209 1
189.362 325.968 9.62652 1
183.181 306.292 -6.93873 1
183.844 283.386 -20.1533 1
191.286 259.493 -28.7237 1
204.778 236.95 -31.811 1
222.999 217.964 -29.113 1
244.167 204.395 -20.8938 1
266.209 197.57 -7.95785 1
286.967 198.158 8.42847 1
304.409 206.1 26.6612 1
316.828 220.62 44.9556 1
323.009 240.296 61.5208 1
322.346 263.202 74.7354 1
327.552 290.666 91.7923 1
311.594 317.329 95.4438 1
290.042 339.784 92.2527 1
265.006 355.833 82.5315 1
238.937 363.905 67.2316 1
214.385 363.21 47.8508 1
193.756 353.816 26.2861 1
179.066 336.643 4.64856 1
171.756 313.371 -14.9439 1
172.54 286.279 -30.5734 1
181.342 258.019 -40.71 1
197.299 231.356 -44.3615 1
218.851 208.902 -41.1704 1
243.887 192.853 -31.4491 1
269.957 184.781 -16.1492 1
294.508 185.476 3.23158 1
315.138 194.869 24.7962 1
329.827 212.042 46.4338 1
337.137 235.314 66.0262 1
336.353 262.406 81.6557 1
337.495 292.14 103.779 1
319.072 322.922 107.994 1
294.191 348.846 104.31 1
265.286 367.375 93.0868 1
235.189 376.694 75.423 1
206.844 375.892 53.0477 1
183.027 365.047 28.1511 1
166.068 345.22 3.17035 1
157.628 318.353 -19.4493 1
158.533 287.075 -37.4937 1
168.695 254.448 -49.1965 1
187.118 223.666 -53.4121 1
212 197.742 -49.728 1
240.904 179.213 -38.5047 1
271.001 169.894 -20.8409 1
299.346 170.696 1.53443 1
323.164 181.541 26.431 1
340.122 201.368 51.4117 1
348.562 228.235 74.0314 1
347.657 259.513 92.0758 1
343.762 291.372 118.091 1
323.115 325.87 122.816 1
295.229 354.924 118.687 1
262.835 375.69 106.109 1
229.104 386.134 86.3123 1
197.337 385.235 61.2356 1
170.644 373.081 33.3332 1
151.638 350.861 5.33657 1
142.18 320.75 -20.014 1
143.194 285.696 -40.2368 1
154.583 249.13 -53.3525 1
175.23 214.631 -58.0771 1
203.115 185.577 -53.9482 1
235.509 164.812 -41.37 1
269.241 154.367 -21.5736 1
301.007 155.266 3.50314 1
327.7 167.421 31.4055 1
346.706 189.641 59.4022 1
356.165 219.752 84.7527 1
355.151 254.806 104.976 1
345.739 288.438 133.329 1
323.326 325.885 138.458 1
293.057 357.423 133.976 1
257.894 379.964 120.322 1
221.279 391.301 98.8336 1
186.796 390.326 71.613 1
157.821 377.132 41.3253 1
137.19 353.012 10.9352 1
126.923 320.327 -16.5826 1
128.024 282.276 -38.5343 1
140.386 242.584 -52.7713 1
162.799 205.136 -57.8998 1
193.068 173.599 -53.4179 1
228.231 151.058 -39.7643 1
264.846 139.72 -18.2755 1
299.329 140.696 8.94501 1
328.304 153.89 39.2327 1
348.935 178.01 69.6229 1
359.202 210.695 97.1406 1
358.101 248.746 119.092 1
343.232 283.624 148.001 1
319.686 322.966 153.389 1
287.886 356.098 148.681 1
250.945 379.779 134.337 1
212.479 391.689 111.761 1
176.252 390.664 83.1642 1
145.812 376.803 51.345 1
124.138 351.464 19.4182 1
113.352 317.126 -9.49105 1
114.509 277.151 -32.5528 1
127.496 235.452 -47.5097 1
151.042 196.111 -52.8975 1
182.842 162.978 -48.189 1
219.783 139.298 -33.845 1
258.249 127.387 -11.2696 1
294.475 128.412 17.3274 1
324.916 142.273 49.1466 1
346.59 167.612 81.0734 1
357.376 201.95 109.983 1
356.219 241.925 133.044 1
336.487 277.403 160.671 1
312.551 317.397 166.148 1
280.223 351.079 161.361 1
242.669 375.152 146.779 1
203.565 387.26 123.83 1
166.738 386.218 94.7584 1
135.793 372.128 62.4115 1
113.759 346.368 29.9551 1
102.794 311.46 0.566446 1
103.97 270.823 -22.8778 1
117.173 228.432 -38.0827 1
141.109 188.438 -43.5599 1
173.436 154.756 -38.7733 1
210.99 130.683 -24.1914 1
250.095 118.574 -1.24159 1
286.922 119.617 27.8296 1
317.867 133.707 60.1766 1
339.9 159.467 92.6329 1
350.866 194.374 122.022 1
349.69 235.012 145.466 1
326.164 270.383 170.098 1
302.618 309.724 175.486 1
270.818 342.857 170.777 1
233.877 366.537 156.433 1
195.41 378.448 133.858 1
159.184 377.423 105.261 1
128.744 363.562 73.4415 1
107.07 338.222 41.5146 1
96.2835 303.885 12.6054 1
97.4404 263.91 -10.4563 1
110.427 222.211 -25.4132 1
133.973 182.869 -30.801 1
165.773 149.737 -26.0925 1
202.715 126.056 -11.7485 1
241.181 114.145 10.8269 1
277.407 115.171 39.4238 1
307.847 129.031 71.2431 1
329.521 154.371 103.17 1
340.308 188.709 132.079 1
339.151 228.684 155.141 1
838
0 1 20
1 20 21
1 2 21
2 21 22
2 3 22
3 22 23
3 4 23
4 23 24
4 5 24
5 24 25
5 6 25
6 25 26
6 7 26
7 26 27
7 8 27
8 27 28
8 9 28
9 28 29
9 10 29
10 29 30
10 11 30
11 30 31
11 12 31
12 31 32
12 13 32
13 32 33
13 14 33
14 33 34
14 15 34
15 34 35
15 16 35
16 35 36
16 17 36
17 36 37
17 18 37
18 37 38
18 19 38
19 38 39
19 20 39
20 39 40
20 21 40
21 40 41
21 22 41
22 41 42
22 23 42
23 42 43
23 24 43
24 43 44
24 25 44
25 44 45
25 26 45
26 45 46
26 27 46
27 46 47
27 28 47
28 47 48
28 29 48
29 48 49
29 30 49
30 49 50
30 31 50
31 50 51
31 32 51
32 51 52
32 33 52
33 52 53
33 34 53
34 53 54
34 35 54
35 54 55
35 36 55
36 55 56
36 37 56
37 56 57
37 38 57
38 57 58
38 39 58
39 58 59
39 40 59
40 59 60
40 41 60
41 60 61
41 42 61
42 61 62
42 43 62
43 62 63
43 44 63
44 63 64
44 45 64
45 64 65
45 46 65
46 65 66
46 47 66
47 66 67
47 48 67
48 67 68
48 49 68
49 68 69
49 50 69
50 69 70
50 51 70
51 70 71
51 52 71
52 71 72
52 53 72
53 72 73
53 54 73
54 73 74
54 55 74
55 74 75
55 56 75
56 75 76
56 57 76
57 76 77
57 58 77
58 77 78
58 59 78
59 78 79
59 60 79
60 79 80
60 61 80
61 80 81
61 62 81
62 81 82
62 63 82
63 82 83
63 64 83
64 83 84
64 65 84
65 84 85
65 66 85
66 85 86
66 67 86
67 86 87
67 68 87
68 87 88
68 69 88
69 88 89
69 70 89
70 89 90
70 71 90
71 90 91
71 72 91
72 91 92
72 73 92
73 92 93
73 74 93
74 93 94
74 75 94
75 94 95
75 76 95
76 95 96
76 77 96
77 96 97
77 78 97
78 97 98
78 79 98
79 98 99
79 80 99
80 99 100
80 81 100
81 100 101
81 82 101
82 101 102
82 83 102
83 102 103
83 84 103
84 103 104
84 85 104
85 104 105
85 86 105
86 105 106
86 87 106
87 106 107
87 88 107
88 107 108
88 89 108
89 108 109
89 90 109
90 109 110
90 91 110
91 110 111
91 92 111
92 111 112
92 93 112
93 112 113
93 94 113
94 113 114
94 95 114
95 114 115
95 96 115
96 115 116
96 97 116
97 116 117
97 98 117
98 117 118
98 99 118
99 118 119
99 100 119
100 119 120
100 101 120
101 120 121
101 102 121
102 121 122
102 103 122
103 122 123
103 104 123
104 123 124
104 105 124
105 124 125
105 106 125
106 125 126
106 107 126
107 126 127
107 108 127
108 127 128
108 109 128
109 128 129
109 110 129
110 129 130
110 111 130
111 130 131
111 112 131
112 131 132
112 113 132
113 132 133
113 114 133
114 133 134
114 115 134
115 134 135
115 116 135
116 135 136
116 117 136
117 136 137
117 118 137
118 137 138
118 119 138
119 138 139
119 120 139
120 139 140
120 121 140
121 140 141
121 122 141
122 141 142
122 123 142
123 142 143
123 124 143
124 143 144
124 125 144
125 144 145
125 126 145
126 145 146
126 127 146
127 146 147
127 128 147
128 147 148
128 129 148
129 148 149
129 130 149
130 149 150
130 131 150
131 150 151
131 132 151
132 151 152
132 133 152
133 152 153
133 134 153
134 153 154
134 135 154
135 154 155
135 136 155
136 155 156
136 137 156
137 156 157
137 138 157
138 157 158
138 139 158
139 158 159
139 140 159
140 159 160
140 141 160
141 160 161
141 142 161
142 161 162
142 143 162
143 162 163
143 144 163
144 163 164
144 145 164
145 164 165
145 146 165
146 165 166
146 147 166
147 166 167
147 148 167
148 167 168
148 149 168
149 168 169
149 150 169
150 169 170
150 151 170
151 170 171
151 152 171
152 171 172
152 153 172
153 172 173
153 154 173
154 173 174
154 155 174
155 174 175
155 156 175
156 175 176
156 157 176
157 176 177
157 158 177
158 177 178
158 159 178
159 178 179
159 160 179
160 179 180
160 161 180
161 180 181
161 162 181
162 181 182
162 163 182
163 182 183
163 164 183
164 183 184
164 165 184
165 184 185
165 166 185
166 185 186
166 167 186
167 186 187
167 168 187
168 187 188
168 169 188
169 188 189
169 170 189
170 189 190
170 171 190
171 190 191
171 172 191
172 191 192
172 173 192
173 192 193
173 174 193
174 193 194
174 175 194
175 194 195
175 176 195
176 195 196
176 177 196
177 196 197
177 178 197
178 197 198
178 179 198
179 198 199
179 180 199
180 199 200
180 181 200
181 200 201
181 182 201
182 201 202
182 183 202
183 202 203
183 184 203
184 203 204
184 185 204
185 204 205
185 186 205
186 205 206
186 187 206
187 206 207
187 188 207
188 207 208
188 189 208
189 208 209
189 190 209
190 209 210
190 191 210
191 210 211
191 192 211
192 211 212
192 193 212
193 212 213
193 194 213
194 213 214
194 195 214
195 214 215
195 196 215
196 215 216
196 197 216
197 216 217
197 198 217
198 217 218
198 199 218
199 218 219
199 200 219
200 219 220
200 201 220
201 220 221
201 202 221
202 221 222
202 203 222
203 222 223
203 204 223
204 223 224
204 205 224
205 224 225
205 206 225
206 225 226
206 207 226
207 226 227
207 208 227
208 227 228
208 209 228
209 228 229
209 210 229
210 229 230
210 211 230
211 230 231
211 212 231
212 231 232
212 213 232
213 232 233
213 214 233
214 233 234
214 215 234
215 234 235
215 216 235
216 235 236
216 217 236
217 236 237
217 218 237
218 237 238
218 219 238
219 238 239
219 220 239
220 239 240
220 221 240
221 240 241
221 222 241
222 241 242
222 223 242
223 242 243
223 224 243
224 243 244
224 225 244
225 244 245
225 226 245
226 245 246
226 227 246
227 246 247
227 228 247
228 247 248
228 229 248
229 248 249
229 230 249
230 249 250
230 231 250
231 250 251
231 232 251
232 251 252
232 233 252
233 252 253
233 234 253
234 253 254
234 235 254
235 254 255
235 236 255
236 255 256
236 237 256
237 256 257
237 238 257
238 257 258
238 239 258
239 258 259
239 240 259
240 259 260
240 241 260
241 260 261
241 242 261
242 261 262
242 243 262
243 262 263
243 244 263
244 263 264
244 245 264
245 264 265
245 246 265
246 265 266
246 247 266
247 266 267
247 248 267
248 267 268
248 249 268
249 268 269
249 250 269
250 269 270
250 251 270
251 270 271
251 252 271
252 271 272
252 253 272
253 272 273
253 254 273
254 273 274
254 255 274
255 274 275
255 256 275
256 275 276
256 257 276
257 276 277
257 258 277
258 277 278
258 259 278
259 278 279
259 260 279
260 279 280
260 261 280
261 280 281
261 262 281
262 281 282
262 263 282
263 282 283
263 264 283
264 283 284
264 265 284
265 284 285
265 266 285
266 285 286
266 267 286
267 286 287
267 268 287
268 287 288
268 269 288
269 288 289
269 270 289
270 289 290
270 271 290
271 290 291
271 272 291
272 291 292
272 273 292
273 292 293
273 274 293
274 293 294
274 275 294
275 294 295
275 276 295
276 295 296
276 277 296
277 296 297
277 278 297
278 297 298
278 279 298
279 298 299
279 280 299
280 299 300
280 281 300
281 300 301
281 282 301
282 301 302
282 283 302
283 302 303
283 284 303
284 303 304
284 285 304
285 304 305
285 286 305
286 305 306
286 287 306
287 306 307
287 288 307
288 307 308
288 289 308
289 308 309
289 290 309
290 309 310
290 291 310
291 310 311
291 292 311
292 311 312
292 293 312
293 312 313
293 294 313
294 313 314
294 295 314
295 314 315
295 296 315
296 315 316
296 297 316
297 316 317
297 298 317
298 317 318
298 299 318
299 318 319
299 300 319
300 319 320
300 301 320
301 320 321
301 302 321
302 321 322
302 303 322
303 322 323
303 304 323
304 323 324
304 305 324
305 324 325
305 306 325
306 325 326
306 307 326
307 326 327
307 308 327
308 327 328
308 309 328
309 328 329
309 310 329
310 329 330
310 311 330
311 330 331
311 312 331
312 331 332
312 313 332
313 332 333
313 314 333
314 333 334
314 315 334
315 334 335
315 316 335
316 335 336
316 317 336
317 336 337
317 318 337
318 337 338
318 319 338
319 338 339
319 320 339
320 339 340
320 321 340
321 340 341
321 322 341
322 341 342
322 323 342
323 342 343
323 324 343
324 343 344
324 325 344
325 344 345
325 326 345
326 345 346
326 327 346
327 346 347
327 328 347
328 347 348
328 329 348
329 348 349
329 330 349
330 349 350
330 331 350
331 350 351
331 332 351
332 351 352
332 333 352
333 352 353
333 334 353
334 353 354
334 335 354
335 354 355
335 336 355
336 355 356
336 337 356
337 356 357
337 338 357
338 357 358
338 339 358
339 358 359
339 340 359
340 359 360
340 341 360
341 360 361
341 342 361
342 361 362
342 343 362
343 362 363
343 344 363
344 363 364
344 345 364
345 364 365
345 346 365
346 365 366
346 347 366
347 366 367
347 348 367
348 367 368
348 349 368
349 368 369
349 350 369
350 369 370
350 351 370
351 370 371
351 352 371
352 371 372
352 353 372
353 372 373
353 354 373
354 373 374
354 355 374
355 374 375
355 356 375
356 375 376
356 357 376
357 376 377
357 358 377
358 377 378
358 359 378
359 378 379
359 360 379
360 379 380
360 361 380
361 380 381
361 362 381
362 381 382
362 363 382
363 382 383
363 364 383
364 383 384
364 365 384
365 384 385
365 366 385
366 385 386
366 367 386
367 386 387
367 368 387
368 387 388
368 369 388
369 388 389
369 370 389
370 389 390
370 371 390
371 390 391
371 372 391
372 391 392
372 373 392
373 392 393
373 374 393
374 393 394
374 375 394
375 394 395
375 376 395
376 395 396
376 377 396
377 396 397
377 378 397
378 397 398
378 379 398
379 398 399
379 380 399
380 399 400
380 381 400
381 400 401
381 382 401
382 401 402
382 383 402
383 402 403
383 384 403
384 403 404
384 385 404
385 404 405
385 386 405
386 405 406
386 387 406
387 406 407
387 388 407
388 407 408
388 389 408
389 408 409
389 390 409
390 409 410
390 391 410
391 410 411
391 392 411
392 411 412
392 393 412
393 412 413
393 394 413
394 413 414
394 395 414
395 414 415
395 396 415
396 415 416
396 397 416
397 416 417
397 398 417
398 417 418
398 399 418
399 418 419
399 400 419
400 419 420
400 401 420
401 420 421
401 402 421
402 421 422
402 403 422
403 422 423
403 404 423
404 423 424
404 405 424
405 424 425
405 406 425
406 425 426
406 407 426
407 426 427
407 408 427
408 427 428
408 409 428
409 428 429
409 410 429
410 429 430
410 411 430
411 430 431
411 412 431
412 431 432
412 413 432
413 432 433
413 414 433
414 433 434
414 415 434
415 434 435
415 416 435
416 435 436
416 417 436
417 436 437
417 418 437
418 437 438
418 419 438
419 438 439
