440
343.438 219.346 40.1994 1
355.282 230.468 54.3464 1
359.887 243.67 74.9029 1
354.55 256.864 99.4045 1
337.892 267.684 124.387 1
310.181 273.821 145.828 1
273.434 273.374 159.699 1
231.294 265.16 162.545 1
188.661 248.951 152.028 1
151.146 225.6 127.36 1
124.372 197.026 89.5576 1
113.239 166.061 41.476 1
121.217 136.177 -12.3839 1
149.778 111.091 -66.2975 1
198.025 94.3362 -113.921 1
262.6 88.8003 -149.018 1
337.876 96.3273 -166.221 1
416.441 117.406 -161.749 1
489.826 151.006 -133.982 1
549.413 194.571 -83.819 1
344.124 206.058 48.4267 1
355.983 216.794 61.9129 1
360.833 229.671 81.8208 1
355.947 242.633 105.75 1
339.905 253.338 130.291 1
312.912 259.487 151.466 1
276.915 259.178 165.272 1
235.484 251.214 168.26 1
193.451 235.344 158.08 1
156.365 212.387 133.909 1
129.81 184.222 96.7144 1
118.663 153.645 49.2936 1
126.396 124.085 -3.91767 1
154.504 99.2309 -57.2586 1
202.136 82.5912 -104.442 1
265.993 77.0437 -139.272 1
340.519 84.4327 -156.41 1
418.375 105.261 -152.081 1
491.161 138.522 -124.649 1
550.318 181.693 -74.9832 1
339.993 193.587 56.9192 1
351.891 203.202 68.4875 1
357.452 215.136 86.5133 1
353.879 227.426 108.78 1
339.622 237.795 132.041 1
314.712 243.979 152.445 1
280.894 244.07 166.063 1
241.521 236.833 169.465 1
201.226 221.946 160.259 1
165.388 200.131 137.529 1
139.467 173.156 102.1 1
128.28 143.7 56.5972 1
135.302 115.083 5.26806 1
162.097 90.9012 -46.4106 1
207.944 74.5969 -92.3139 1
269.718 69.0154 -126.373 1
342.066 76.0043 -143.323 1
417.863 96.1059 -139.407 1
488.911 128.384 -112.95 1
546.821 170.413 -64.7249 1
331.447 183.154 64.8455 1
343.408 191.021 73.4268 1
350.077 201.487 88.521 1
348.548 212.731 108.199 1
337.072 222.577 129.467 1
315.407 228.814 148.669 1
284.98 229.528 161.993 1
248.813 223.424 166.039 1
211.225 210.067 158.352 1
177.33 190.032 137.866 1
152.398 164.911 105.188 1
141.148 137.201 62.6718 1
147.062 110.053 14.2742 1
171.813 86.9176 -34.8155 1
214.879 71.1358 -78.7258 1
273.408 65.5013 -111.583 1
342.365 71.867 -128.239 1
414.956 90.8361 -124.967 1
483.297 121.583 -100.029 1
539.264 161.833 -54.0483 1
319.324 175.779 71.4298 1
331.364 181.446 76.2471 1
339.428 190.061 87.6474 1
340.475 199.985 104.063 1
332.503 209.174 122.82 1
314.926 215.477 140.507 1
288.773 216.976 153.462 1
256.647 212.299 158.319 1
222.469 200.872 152.545 1
191.022 183.078 134.887 1
167.336 160.293 105.675 1
156.007 134.784 66.9227 1
160.526 109.486 22.2191 1
182.701 87.6702 -23.6082 1
222.263 72.5467 -65.0071 1
276.703 66.8454 -96.3495 1
341.387 72.4258 -112.636 1
409.937 89.968 -110.176 1
474.867 118.786 -87.1516 1
528.386 156.794 -43.9985 1
304.809 172.184 76.0276 1
316.937 175.411 76.6725 1
326.548 181.975 83.9781 1
330.451 190.438 96.7769 1
326.363 198.897 112.75 1
313.319 205.274 128.758 1
291.903 207.644 141.304 1
264.255 204.548 147.061 1
233.859 195.259 143.408 1
205.126 179.951 128.884 1
182.82 159.755 103.513 1
171.404 136.686 68.9339 1
174.375 113.439 28.325 1
193.696 93.0852 -13.8859 1
229.374 78.6915 -52.5009 1
279.281 72.9161 -82.1643 1
339.227 77.6261 -98.0415 1
403.299 93.5865 -96.4811 1
464.448 120.266 -75.5775 1
515.253 155.788 -35.5591 1
289.325 172.722 78.1888 1
301.541 173.51 74.6613 1
312.699 178.022 77.8721 1
319.457 185.023 87.0546 1
319.252 192.752 100.244 1
310.741 199.203 114.573 1
294.063 202.443 126.709 1
270.893 200.93 133.365 1
244.279 193.779 131.834 1
218.259 180.956 120.445 1
197.334 163.35 98.9156 1
185.83 142.72 68.5085 1
187.255 121.524 31.9944 1
203.72 102.633 -6.6002 1
235.514 88.9686 -42.4313 1
280.889 83.1193 -70.4158 1
336.097 86.9587 -85.8833 1
395.691 101.337 -85.2225 1
453.058 125.879 -66.44 1
501.149 158.916 -29.5563 1
274.387 177.34 77.7018 1
286.681 175.927 70.4104 1
299.235 178.589 69.9272 1
308.569 184.27 75.8473 1
311.868 191.341 86.5252 1
307.446 197.859 99.3398 1
295.041 201.885 111.106 1
275.912 201.798 118.574 1
252.708 196.576 118.956 1
229.137 185.995 110.395 1
209.457 170.724 92.3313 1
197.875 152.296 65.6882 1
197.904 132.951 32.868 1
211.793 115.378 -2.46427 1
240.083 102.372 -35.784 1
281.369 96.4561 -62.2538 1
332.303 99.5102 -77.3518 1
387.857 112.462 -77.5027 1
441.814 135.074 -60.6335 1
487.457 165.869 -26.5778 1
261.456 185.585 74.6144 1
273.813 182.425 64.3358 1
287.475 183.619 60.9211 1
298.853 188.254 64.2522 1
304.933 194.802 72.937 1
303.756 201.373 84.5497 1
294.742 206.022 96.0224 1
278.819 207.068 104.135 1
258.323 203.377 106.035 1
236.694 194.575 99.7186 1
218.003 181.158 84.4049 1
206.358 164.476 60.7489 1
205.279 146.599 30.8603 1
217.124 130.073 -1.88297 1
242.633 117.59 -33.2096 1
280.674 111.621 -58.4774 1
328.218 114.052 -73.2821 1
380.565 125.871 -74.0772 1
431.814 146.953 -58.7265 1
475.515 175.968 -26.9149 1
251.8 196.651 69.2286 1
264.197 192.37 57.0322 1
278.569 192.621 51.7353 1
291.26 196.584 53.4043 1
299.125 202.796 60.8094 1
300.031 209.401 71.6503 1
293.195 214.45 82.9348 1
279.331 216.223 91.4609 1
260.572 213.515 94.3358 1
240.191 205.856 89.4604 1
222.135 193.629 75.9124 1
210.449 178.068 54.1743 1
208.66 161.135 26.1678 1
219.192 145.28 -4.9132 1
242.916 133.133 -34.9602 1
278.874 127.13 -59.4563 1
324.239 129.16 -74.0727 1
374.528 140.253 -75.2813 1
424.04 160.351 -60.9055 1
466.492 188.224 -30.5349 1
246.362 209.455 62.0718 1
258.772 204.787 49.2146 1
273.39 204.713 43.2692 1
286.533 208.444 44.3653 1
295.014 214.541 51.3296 1
296.638 221.158 61.9045 1
290.552 226.345 73.1241 1
277.397 228.368 81.7927 1
259.237 225.999 85.0036 1
239.286 218.733 80.6246 1
221.448 206.916 67.6851 1
209.749 191.742 46.6078 1
207.714 175.133 19.2499 1
217.794 159.511 -11.2584 1
240.903 147.479 -40.8644 1
276.143 141.464 -65.0946 1
320.758 143.357 -79.6461 1
370.338 154.198 -80.9972 1
419.25 173.959 -66.9574 1
461.273 201.438 -37.0832 1
245.675 222.742 53.8445 1
258.072 218.461 41.6481 1
272.445 218.712 36.3512 1
285.135 222.675 38.0201 1
293.001 228.887 45.4253 1
293.907 235.492 56.2662 1
287.071 240.541 67.5507 1
273.206 242.314 76.0768 1
254.448 239.606 78.9517 1
234.067 231.947 74.0762 1
216.01 219.72 60.5283 1
204.325 204.159 38.7902 1
202.535 187.225 10.7837 1
213.067 171.371 -20.2973 1
236.791 159.223 -50.3443 1
272.749 153.22 -74.8404 1
318.115 155.251 -89.4568 1
368.403 166.343 -90.6654 1
417.915 186.442 -76.2897 1
460.368 214.315 -45.919 1
249.807 235.213 45.352 1
262.164 232.053 35.0735 1
275.825 233.247 31.6587 1
287.203 237.882 34.9899 1
293.283 244.43 43.6747 1
292.106 251.001 55.2873 1
283.093 255.65 66.7601 1
267.169 256.695 74.8726 1
246.673 253.004 76.7726 1
225.044 244.203 70.4563 1
206.354 230.786 55.1426 1
194.708 214.104 31.4866 1
193.63 196.227 1.59798 1
205.474 179.701 -31.1453 1
230.984 167.218 -62.4719 1
269.025 161.249 -87.7398 1
316.568 163.68 -102.544 1
368.915 175.499 -103.339 1
420.165 196.581 -87.9888 1
463.865 225.596 -56.1773 1
258.353 245.647 37.4257 1
270.647 244.233 30.1342 1
283.201 246.895 29.651 1
292.535 252.577 35.5712 1
295.834 259.648 46.2491 1
291.412 266.166 59.0637 1
279.007 270.191 70.8297 1
259.877 270.105 78.2982 1
236.674 264.883 78.6797 1
213.102 254.302 70.1191 1
193.423 239.031 52.0551 1
181.84 220.603 25.412 1
181.869 201.257 -7.40812 1
195.758 183.685 -42.7404 1
224.048 170.679 -76.0601 1
265.334 164.763 -102.53 1
316.269 167.817 -117.628 1
371.823 180.769 -117.779 1
425.779 203.381 -100.91 1
471.422 234.176 -66.8539 1
270.476 253.022 30.8414 1
282.691 253.809 27.3139 1
293.849 258.322 30.5246 1
300.607 265.322 39.7071 1
300.403 273.051 52.8964 1
291.892 279.502 67.2257 1
275.213 282.743 79.3613 1
252.044 281.229 86.018 1
225.429 274.078 84.4861 1
199.41 261.255 73.0977 1
178.485 243.649 51.5682 1
166.981 223.019 21.1611 1
168.405 201.824 -15.353 1
184.87 182.932 -53.9476 1
216.664 169.268 -89.7787 1
262.039 163.419 -117.763 1
317.247 167.258 -133.231 1
376.841 181.637 -132.57 1
434.209 206.178 -113.787 1
482.3 239.215 -76.9038 1
284.99 256.616 26.2436 1
297.118 259.843 26.8885 1
306.729 266.407 34.194 1
310.632 274.87 46.9929 1
306.543 283.328 62.966 1
293.499 289.706 78.9742 1
272.083 292.076 91.5195 1
244.435 288.98 97.2766 1
214.039 279.691 93.6236 1
185.306 264.383 79.1004 1
163 244.187 53.7293 1
151.584 221.118 19.1499 1
154.556 197.871 -21.459 1
173.876 177.517 -63.67 1
209.554 163.123 -102.285 1
259.461 157.348 -131.948 1
319.407 162.058 -147.826 1
383.479 178.018 -146.265 1
444.628 204.698 -125.362 1
495.433 240.22 -85.3431 1
300.474 256.078 24.0824 1
312.514 261.745 28.8997 1
320.578 270.36 40.3 1
321.626 280.285 56.7152 1
313.653 289.473 75.4722 1
296.077 295.776 93.1594 1
269.924 297.276 106.114 1
237.797 292.598 110.972 1
203.62 281.171 105.198 1
172.173 263.378 87.5398 1
148.486 240.593 58.3271 1
137.158 215.084 19.5753 1
141.676 189.786 -25.1284 1
163.852 167.97 -70.9557 1
203.414 152.846 -112.355 1
257.854 147.145 -143.697 1
322.537 152.725 -159.984 1
391.088 170.267 -157.524 1
456.018 199.085 -134.499 1
509.537 237.093 -91.3459 1
315.412 251.461 24.5694 1
327.374 259.328 33.1506 1
334.042 269.794 48.2449 1
332.514 281.037 67.9224 1
321.037 290.884 89.1909 1
299.372 297.12 108.393 1
268.945 297.835 121.717 1
232.779 291.73 125.763 1
195.19 278.374 118.075 1
161.295 258.338 97.5897 1
136.363 233.218 64.9115 1
125.113 205.508 22.3956 1
131.028 178.359 -26.002 1
155.779 155.224 -75.0916 1
198.845 139.443 -119.002 1
257.374 133.808 -151.859 1
326.331 140.174 -168.515 1
398.921 159.143 -165.244 1
467.263 189.89 -140.305 1
523.229 230.14 -94.3245 1
328.343 243.215 27.6568 1
340.242 252.829 39.2252 1
345.802 264.763 57.251 1
342.23 277.054 79.5175 1
327.973 287.423 102.779 1
303.063 293.606 123.183 1
269.244 293.697 136.801 1
229.871 286.461 140.202 1
189.576 271.574 130.996 1
153.738 249.758 108.266 1
127.817 222.784 72.8378 1
116.63 193.328 27.3349 1
123.652 164.711 -23.9943 1
150.448 140.529 -75.6729 1
196.294 124.225 -121.576 1
258.068 118.643 -155.635 1
330.416 125.632 -172.585 1
406.213 145.734 -168.669 1
477.262 178.011 -142.212 1
535.171 220.04 -93.9873 1
338 232.149 33.0426 1
349.858 242.885 46.5287 1
354.708 255.762 66.4367 1
349.823 268.724 90.3655 1
333.78 279.429 114.907 1
306.787 285.578 136.082 1
270.791 285.269 149.888 1
229.36 277.305 152.876 1
187.326 261.435 142.695 1
150.241 238.478 118.525 1
123.686 210.313 81.3303 1
112.538 179.735 33.9095 1
120.272 150.175 -19.3018 1
148.38 125.322 -72.6427 1
196.012 108.682 -119.826 1
259.869 103.135 -154.656 1
334.395 110.524 -171.794 1
412.25 131.352 -167.465 1
485.037 164.613 -140.033 1
544.194 207.784 -90.3673 1
343.438 219.346 40.1994 1
355.282 230.468 54.3464 1
359.887 243.67 74.9029 1
354.55 256.864 99.4045 1
337.892 267.684 124.387 1
310.181 273.821 145.828 1
273.434 273.374 159.699 1
231.294 265.16 162.545 1
188.661 248.951 152.028 1
151.146 225.6 127.36 1
124.372 197.026 89.5576 1
113.239 166.061 41.476 1
121.217 136.177 -12.3839 1
149.778 111.091 -66.2975 1
198.025 94.3362 -113.921 1
262.6 88.8003 -149.018 1
337.876 96.3273 -166.221 1
416.441 117.406 -161.749 1
489.826 151.006 -133.982 1
549.413 194.571 -83.819 1
344.124 206.058 48.4267 1
355.983 216.794 61.9129 1
360.833 229.671 81.8208 1
355.947 242.633 105.75 1
339.905 253.338 130.291 1
312.912 259.487 151.466 1
276.915 259.178 165.272 1
235.484 251.214 168.26 1
193.451 235.344 158.08 1
156.365 212.387 133.909 1
129.81 184.222 96.7144 1
118.663 153.645 49.2936 1
126.396 124.085 -3.91767 1
154.504 99.2309 -57.2586 1
202.136 82.5912 -104.442 1
265.993 77.0437 -139.272 1
340.519 84.4327 -156.41 1
418.375 105.261 -152.081 1
491.161 138.522 -124.649 1
550.318 181.693 -74.9832 1
838
0 1 20
1 20 21
1 2 21
2 21 22
2 3 22
3 22 23
3 4 23
4 23 24
4 5 24
5 24 25
5 6 25
6 25 26
6 7 26
7 26 27
7 8 27
8 27 28
8 9 28
9 28 29
9 10 29
10 29 30
10 11 30
11 30 31
11 12 31
12 31 32
12 13 32
13 32 33
13 14 33
14 33 34
14 15 34
15 34 35
15 16 35
16 35 36
16 17 36
17 36 37
17 18 37
18 37 38
18 19 38
19 38 39
19 20 39
20 39 40
20 21 40
21 40 41
21 22 41
22 41 42
22 23 42
23 42 43
23 24 43
24 43 44
24 25 44
25 44 45
25 26 45
26 45 46
26 27 46
27 46 47
27 28 47
28 47 48
28 29 48
29 48 49
29 30 49
30 49 50
30 31 50
31 50 51
31 32 51
32 51 52
32 33 52
33 52 53
33 34 53
34 53 54
34 35 54
35 54 55
35 36 55
36 55 56
36 37 56
37 56 57
37 38 57
38 57 58
38 39 58
39 58 59
39 40 59
40 59 60
40 41 60
41 60 61
41 42 61
42 61 62
42 43 62
43 62 63
43 44 63
44 63 64
44 45 64
45 64 65
45 46 65
46 65 66
46 47 66
47 66 67
47 48 67
48 67 68
48 49 68
49 68 69
49 50 69
50 69 70
50 51 70
51 70 71
51 52 71
52 71 72
52 53 72
53 72 73
53 54 73
54 73 74
54 55 74
55 74 75
55 56 75
56 75 76
56 57 76
57 76 77
57 58 77
58 77 78
58 59 78
59 78 79
59 60 79
60 79 80
60 61 80
61 80 81
61 62 81
62 81 82
62 63 82
63 82 83
63 64 83
64 83 84
64 65 84
65 84 85
65 66 85
66 85 86
66 67 86
67 86 87
67 68 87
68 87 88
68 69 88
69 88 89
69 70 89
70 89 90
70 71 90
71 90 91
71 72 91
72 91 92
72 73 92
73 92 93
73 74 93
74 93 94
74 75 94
75 94 95
75 76 95
76 95 96
76 77 96
77 96 97
77 78 97
78 97 98
78 79 98
79 98 99
79 80 99
80 99 100
80 81 100
81 100 101
81 82 101
82 101 102
82 83 102
83 102 103
83 84 103
84 103 104
84 85 104
85 104 105
85 86 105
86 105 106
86 87 106
87 106 107
87 88 107
88 107 108
88 89 108
89 108 109
89 90 109
90 109 110
90 91 110
91 110 111
91 92 111
92 111 112
92 93 112
93 112 113
93 94 113
94 113 114
94 95 114
95 114 115
95 96 115
96 115 116
96 97 116
97 116 117
97 98 117
98 117 118
98 99 118
99 118 119
99 100 119
100 119 120
100 101 120
101 120 121
101 102 121
102 121 122
102 103 122
103 122 123
103 104 123
104 123 124
104 105 124
105 124 125
105 106 125
106 125 126
106 107 126
107 126 127
107 108 127
108 127 128
108 109 128
109 128 129
109 110 129
110 129 130
110 111 130
111 130 131
111 112 131
112 131 132
112 113 132
113 132 133
113 114 133
114 133 134
114 115 134
115 134 135
115 116 135
116 135 136
116 117 136
117 136 137
117 118 137
118 137 138
118 119 138
119 138 139
119 120 139
120 139 140
120 121 140
121 140 141
121 122 141
122 141 142
122 123 142
123 142 143
123 124 143
124 143 144
124 125 144
125 144 145
125 126 145
126 145 146
126 127 146
127 146 147
127 128 147
128 147 148
128 129 148
129 148 149
129 130 149
130 149 150
130 131 150
131 150 151
131 132 151
132 151 152
132 133 152
133 152 153
133 134 153
134 153 154
134 135 154
135 154 155
135 136 155
136 155 156
136 137 156
137 156 157
137 138 157
138 157 158
138 139 158
139 158 159
139 140 159
140 159 160
140 141 160
141 160 161
141 142 161
142 161 162
142 143 162
143 162 163
143 144 163
144 163 164
144 145 164
145 164 165
145 146 165
146 165 166
146 147 166
147 166 167
147 148 167
148 167 168
148 149 168
149 168 169
149 150 169
150 169 170
150 151 170
151 170 171
151 152 171
152 171 172
152 153 172
153 172 173
153 154 173
154 173 174
154 155 174
155 174 175
155 156 175
156 175 176
156 157 176
157 176 177
157 158 177
158 177 178
158 159 178
159 178 179
159 160 179
160 179 180
160 161 180
161 180 181
161 162 181
162 181 182
162 163 182
163 182 183
163 164 183
164 183 184
164 165 184
165 184 185
165 166 185
166 185 186
166 167 186
167 186 187
167 168 187
168 187 188
168 169 188
169 188 189
169 170 189
170 189 190
170 171 190
171 190 191
171 172 191
172 191 192
172 173 192
173 192 193
173 174 193
174 193 194
174 175 194
175 194 195
175 176 195
176 195 196
176 177 196
177 196 197
177 178 197
178 197 198
178 179 198
179 198 199
179 180 199
180 199 200
180 181 200
181 200 201
181 182 201
182 201 202
182 183 202
183 202 203
183 184 203
184 203 204
184 185 204
185 204 205
185 186 205
186 205 206
186 187 206
187 206 207
187 188 207
188 207 208
188 189 208
189 208 209
189 190 209
190 209 210
190 191 210
191 210 211
191 192 211
192 211 212
192 193 212
193 212 213
193 194 213
194 213 214
194 195 214
195 214 215
195 196 215
196 215 216
196 197 216
197 216 217
197 198 217
198 217 218
198 199 218
199 218 219
199 200 219
200 219 220
200 201 220
201 220 221
201 202 221
202 221 222
202 203 222
203 222 223
203 204 223
204 223 224
204 205 224
205 224 225
205 206 225
206 225 226
206 207 226
207 226 227
207 208 227
208 227 228
208 209 228
209 228 229
209 210 229
210 229 230
210 211 230
211 230 231
211 212 231
212 231 232
212 213 232
213 232 233
213 214 233
214 233 234
214 215 234
215 234 235
215 216 235
216 235 236
216 217 236
217 236 237
217 218 237
218 237 238
218 219 238
219 238 239
219 220 239
220 239 240
220 221 240
221 240 241
221 222 241
222 241 242
222 223 242
223 242 243
223 224 243
224 243 244
224 225 244
225 244 245
225 226 245
226 245 246
226 227 246
227 246 247
227 228 247
228 247 248
228 229 248
229 248 249
229 230 249
230 249 250
230 231 250
231 250 251
231 232 251
232 251 252
232 233 252
233 252 253
233 234 253
234 253 254
234 235 254
235 254 255
235 236 255
236 255 256
236 237 256
237 256 257
237 238 257
238 257 258
238 239 258
239 258 259
239 240 259
240 259 260
240 241 260
241 260 261
241 242 261
242 261 262
242 243 262
243 262 263
243 244 263
244 263 264
244 245 264
245 264 265
245 246 265
246 265 266
246 247 266
247 266 267
247 248 267
248 267 268
248 249 268
249 268 269
249 250 269
250 269 270
250 251 270
251 270 271
251 252 271
252 271 272
252 253 272
253 272 273
253 254 273
254 273 274
254 255 274
255 274 275
255 256 275
256 275 276
256 257 276
257 276 277
257 258 277
258 277 278
258 259 278
259 278 279
259 260 279
260 279 280
260 261 280
261 280 281
261 262 281
262 281 282
262 263 282
263 282 283
263 264 283
264 283 284
264 265 284
265 284 285
265 266 285
266 285 286
266 267 286
267 286 287
267 268 287
268 287 288
268 269 288
269 288 289
269 270 289
270 289 290
270 271 290
271 290 291
271 272 291
272 291 292
272 273 292
273 292 293
273 274 293
274 293 294
274 275 294
275 294 295
275 276 295
276 295 296
276 277 296
277 296 297
277 278 297
278 297 298
278 279 298
279 298 299
279 280 299
280 299 300
280 281 300
281 300 301
281 282 301
282 301 302
282 283 302
283 302 303
283 284 303
284 303 304
284 285 304
285 304 305
285 286 305
286 305 306
286 287 306
287 306 307
287 288 307
288 307 308
288 289 308
289 308 309
289 290 309
290 309 310
290 291 310
291 310 311
291 292 311
292 311 312
292 293 312
293 312 313
293 294 313
294 313 314
294 295 314
295 314 315
295 296 315
296 315 316
296 297 316
297 316 317
297 298 317
298 317 318
298 299 318
299 318 319
299 300 319
300 319 320
300 301 320
301 320 321
301 302 321
302 321 322
302 303 322
303 322 323
303 304 323
304 323 324
304 305 324
305 324 325
305 306 325
306 325 326
306 307 326
307 326 327
307 308 327
308 327 328
308 309 328
309 328 329
309 310 329
310 329 330
310 311 330
311 330 331
311 312 331
312 331 332
312 313 332
313 332 333
313 314 333
314 333 334
314 315 334
315 334 335
315 316 335
316 335 336
316 317 336
317 336 337
317 318 337
318 337 338
318 319 338
319 338 339
319 320 339
320 339 340
320 321 340
321 340 341
321 322 341
322 341 342
322 323 342
323 342 343
323 324 343
324 343 344
324 325 344
325 344 345
325 326 345
326 345 346
326 327 346
327 346 347
327 328 347
328 347 348
328 329 348
329 348 349
329 330 349
330 349 350
330 331 350
331 350 351
331 332 351
332 351 352
332 333 352
333 352 353
333 334 353
334 353 354
334 335 354
335 354 355
335 336 355
336 355 356
336 337 356
337 356 357
337 338 357
338 357 358
338 339 358
339 358 359
339 340 359
340 359 360
340 341 360
341 360 361
341 342 361
342 361 362
342 343 362
343 362 363
343 344 363
344 363 364
344 345 364
345 364 365
345 346 365
346 365 366
346 347 366
347 366 367
347 348 367
348 367 368
348 349 368
349 368 369
349 350 369
350 369 370
350 351 370
351 370 371
351 352 371
352 371 372
352 353 372
353 372 373
353 354 373
354 373 374
354 355 374
355 374 375
355 356 375
356 375 376
356 357 376
357 376 377
357 358 377
358 377 378
358 359 378
359 378 379
359 360 379
360 379 380
360 361 380
361 380 381
361 362 381
362 381 382
362 363 382
363 382 383
363 364 383
364 383 384
364 365 384
365 384 385
365 366 385
366 385 386
366 367 386
367 386 387
367 368 387
368 387 388
368 369 388
369 388 389
369 370 389
370 389 390
370 371 390
371 390 391
371 372 391
372 391 392
372 373 392
373 392 393
373 374 393
374 393 394
374 375 394
375 394 395
375 376 395
376 395 396
376 377 396
377 396 397
377 378 397
378 397 398
378 379 398
379 398 399
379 380 399
380 399 400
380 381 400
381 400 401
381 382 401
382 401 402
382 383 402
383 402 403
383 384 403
384 403 404
384 385 404
385 404 405
385 386 405
386 405 406
386 387 406
387 406 407
387 388 407
388 407 408
388 389 408
389 408 409
389 390 409
390 409 410
390 391 410
391 410 411
391 392 411
392 411 412
392 393 412
393 412 413
393 394 413
394 413 414
394 395 414
395 414 415
395 396 415
396 415 416
396 397 416
397 416 417
397 398 417
398 417 418
398 399 418
399 418 419
399 400 419
400 419 420
400 401 420
401 420 421
401 402 421
402 421 422
402 403 422
403 422 423
403 404 423
404 423 424
404 405 424
405 424 425
405 406 425
406 425 426
406 407 426
407 426 427
407 408 427
408 427 428
408 409 428
409 428 429
409 410 429
410 429 430
410 411 430
411 430 431
411 412 431
412 431 432
412 413 432
413 432 433
413 414 433
414 433 434
414 415 434
415 434 435
415 416 435
416 435 436
416 417 436
417 436 437
417 418 437
418 437 438
418 419 438
419 438 439
