220
230.539 401.786 -39.9768 1
181.76 428.528 -12.6069 1
136.261 445.292 18.3618 1
98.4967 450.437 49.898 1
72.1628 443.46 78.9148 1
59.8372 425.044 102.572 1
62.7266 396.991 118.553 1
80.548 362.047 125.294 1
111.557 323.633 122.136 1
152.718 285.509 109.387 1
200.003 251.407 88.295 1
248.781 224.665 60.9252 1
294.28 207.901 29.9564 1
332.045 202.755 -1.57979 1
358.379 209.732 -30.5965 1
370.704 228.149 -54.2534 1
367.815 256.202 -70.2347 1
349.993 291.146 -76.976 1
318.984 329.56 -73.8176 1
277.823 367.684 -61.0685 1
248.657 411.659 -16.4579 1
198.991 437.918 9.76081 1
150.919 453.279 37.3889 1
109.146 456.241 63.7221 1
77.7615 446.511 86.1825 1
59.8372 425.044 102.572 1
57.1278 393.94 111.285 1
69.8986 356.244 111.47 1
96.8993 315.645 103.109 1
135.487 276.119 87.019 1
181.885 241.534 64.7762 1
231.55 215.275 38.5574 1
279.622 199.913 10.9293 1
321.395 196.952 -15.4038 1
352.78 206.682 -37.8642 1
370.704 228.149 -54.2534 1
373.414 259.253 -62.967 1
360.643 296.949 -63.152 1
333.642 337.547 -54.7905 1
295.054 377.074 -38.7008 1
263.507 413.205 11.0368 1
213.114 439.388 35.9098 1
162.933 454.53 59.6326 1
117.875 457.15 79.8831 1
82.3504 446.989 94.6788 1
59.8372 425.044 102.572 1
52.539 393.462 102.789 1
61.17 355.335 95.3093 1
84.8855 314.394 80.865 1
121.364 274.648 60.87 1
167.035 239.988 37.2815 1
217.427 213.804 12.4084 1
267.609 198.662 -11.3144 1
312.667 196.043 -31.5648 1
348.191 206.204 -46.3606 1
370.704 228.149 -54.2534 1
378.002 259.731 -54.4706 1
369.371 297.858 -46.991 1
345.656 338.799 -32.5468 1
309.177 378.544 -12.5518 1
273.635 406.274 39.816 1
222.747 432.796 63.2805 1
171.127 448.923 82.9155 1
123.828 453.075 96.7991 1
85.4802 444.847 103.572 1
59.8372 425.044 102.572 1
49.4092 395.604 93.8956 1
55.2168 359.409 78.3933 1
76.6916 320.002 57.5821 1
111.732 281.241 33.4993 1
156.907 246.919 8.50224 1
207.795 220.397 -14.9623 1
259.415 204.27 -34.5973 1
306.713 200.118 -48.4808 1
345.061 208.346 -55.2538 1
370.704 228.149 -54.2534 1
381.132 257.589 -45.5774 1
375.325 293.784 -30.075 1
353.85 333.191 -9.2639 1
318.81 371.952 14.8189 1
278.05 391.543 67.0626 1
226.946 418.786 89.1936 1
174.699 437.005 104.958 1
126.423 444.417 112.814 1
86.8445 440.295 111.992 1
59.8372 425.044 102.572 1
48.0448 400.156 85.4759 1
52.6217 368.067 62.3781 1
73.1197 331.92 35.5392 1
107.533 295.25 7.58627 1
152.491 261.65 -18.7444 1
203.596 234.407 -40.8753 1
255.843 216.188 -56.6402 1
304.118 208.776 -64.496 1
343.697 212.898 -63.6735 1
370.704 228.149 -54.2534 1
382.497 253.037 -37.1577 1
377.92 285.125 -14.0599 1
357.422 321.273 12.7791 1
323.009 357.942 40.732 1
276.32 370.455 90.1095 1
225.3 398.73 111.112 1
173.299 419.944 123.604 1
125.406 432.021 126.361 1
86.3099 433.778 119.114 1
59.8372 425.044 102.572 1
48.5795 406.673 78.354 1
53.6386 380.463 48.8315 1
74.5194 348.98 16.8938 1
109.178 315.307 -14.3327 1
154.222 282.738 -41.7913 1
205.241 254.463 -62.7942 1
257.242 233.248 -75.2856 1
305.135 221.171 -78.0426 1
344.232 219.414 -70.7954 1
370.704 228.149 -54.2534 1
381.962 246.52 -30.0358 1
376.903 272.73 -0.513237 1
356.022 304.213 31.4244 1
321.363 337.886 62.6509 1
268.614 345.073 106.701 1
217.971 374.591 126.892 1
167.065 399.41 137.026 1
120.877 417.103 136.113 1
83.9286 425.935 124.241 1
59.8372 425.044 102.572 1
50.9608 414.516 73.2271 1
58.1681 395.382 39.0794 1
80.7538 369.514 3.47123 1
116.507 339.446 -30.1119 1
161.928 308.12 -58.3825 1
212.57 278.602 -78.5735 1
263.477 253.782 -88.7082 1
309.665 236.09 -87.7947 1
346.613 227.258 -75.9224 1
370.704 228.149 -54.2534 1
379.581 238.677 -24.9088 1
372.373 257.811 9.23885 1
349.788 283.679 44.847 1
314.035 313.747 78.4301 1
255.686 317.883 115.212 1
205.676 348.732 134.987 1
156.606 377.413 143.912 1
113.278 401.121 141.116 1
79.9337 417.533 126.871 1
59.8372 425.044 102.572 1
54.9556 422.918 70.5969 1
65.7668 411.364 34.0765 1
91.2124 391.512 -3.4147 1
128.802 365.305 -38.2068 1
174.855 335.31 -66.894 1
224.865 304.461 -86.6684 1
273.935 275.78 -95.5941 1
317.263 252.072 -92.7976 1
350.608 235.66 -78.5526 1
370.704 228.149 -54.2534 1
375.586 230.275 -22.2786 1
364.775 241.829 14.2418 1
339.329 261.681 51.7329 1
301.74 287.888 86.525 1
238.802 291.546 114.811 1
189.619 323.683 134.605 1
142.947 356.106 143.588 1
103.354 385.64 140.88 1
74.7163 409.394 126.747 1
59.8372 425.044 102.572 1
60.173 431.057 70.7209 1
75.6908 426.844 34.3124 1
104.872 412.819 -3.08994 1
144.859 390.353 -37.825 1
191.739 361.647 -66.4926 1
240.922 329.509 -86.2866 1
287.595 297.087 -95.2694 1
327.188 267.553 -92.5617 1
355.825 243.798 -78.4285 1
370.704 228.149 -54.2534 1
370.368 222.136 -22.4027 1
354.851 226.349 14.0058 1
325.67 240.374 51.4082 1
285.682 262.84 86.1432 1
219.615 268.64 105.536 1
171.371 301.898 125.784 1
127.424 337.575 136.084 1
92.0759 372.176 135.428 1
68.7872 402.316 123.881 1
59.8372 425.044 102.572 1
66.1022 438.135 73.5871 1
86.9688 440.308 39.7642 1
120.394 431.35 4.41374 1
163.107 412.138 -29.0039 1
210.926 384.553 -57.2175 1
259.171 351.294 -77.4655 1
303.118 315.618 -87.7657 1
338.465 281.017 -87.1099 1
361.754 250.877 -75.5624 1
370.704 228.149 -54.2534 1
364.439 215.058 -25.2688 1
343.573 212.885 8.55408 1
310.147 221.843 43.9045 1
267.434 241.054 77.3221 1
200.003 251.407 88.295 1
152.718 285.509 109.387 1
111.557 323.633 122.136 1
80.548 362.047 125.294 1
62.7266 396.991 118.553 1
59.8372 425.044 102.572 1
72.1628 443.46 78.9148 1
98.4967 450.437 49.898 1
136.261 445.292 18.3618 1
181.76 428.528 -12.6069 1
230.539 401.786 -39.9768 1
277.823 367.684 -61.0685 1
318.984 329.56 -73.8176 1
349.993 291.146 -76.976 1
367.815 256.202 -70.2347 1
370.704 228.149 -54.2534 1
358.379 209.732 -30.5965 1
332.045 202.755 -1.57979 1
294.28 207.901 29.9564 1
248.781 224.665 60.9252 1
398
0 1 20
1 20 21
1 2 21
2 21 22
2 3 22
3 22 23
3 4 23
4 23 24
4 5 24
5 24 25
5 6 25
6 25 26
6 7 26
7 26 27
7 8 27
8 27 28
8 9 28
9 28 29
9 10 29
10 29 30
10 11 30
11 30 31
11 12 31
12 31 32
12 13 32
13 32 33
13 14 33
14 33 34
14 15 34
15 34 35
15 16 35
16 35 36
16 17 36
17 36 37
17 18 37
18 37 38
18 19 38
19 38 39
19 20 39
20 39 40
20 21 40
21 40 41
21 22 41
22 41 42
22 23 42
23 42 43
23 24 43
24 43 44
24 25 44
25 44 45
25 26 45
26 45 46
26 27 46
27 46 47
27 28 47
28 47 48
28 29 48
29 48 49
29 30 49
30 49 50
30 31 50
31 50 51
31 32 51
32 51 52
32 33 52
33 52 53
33 34 53
34 53 54
34 35 54
35 54 55
35 36 55
36 55 56
36 37 56
37 56 57
37 38 57
38 57 58
38 39 58
39 58 59
39 40 59
40 59 60
40 41 60
41 60 61
41 42 61
42 61 62
42 43 62
43 62 63
43 44 63
44 63 64
44 45 64
45 64 65
45 46 65
46 65 66
46 47 66
47 66 67
47 48 67
48 67 68
48 49 68
49 68 69
49 50 69
50 69 70
50 51 70
51 70 71
51 52 71
52 71 72
52 53 72
53 72 73
53 54 73
54 73 74
54 55 74
55 74 75
55 56 75
56 75 76
56 57 76
57 76 77
57 58 77
58 77 78
58 59 78
59 78 79
59 60 79
60 79 80
60 61 80
61 80 81
61 62 81
62 81 82
62 63 82
63 82 83
63 64 83
64 83 84
64 65 84
65 84 85
65 66 85
66 85 86
66 67 86
67 86 87
67 68 87
68 87 88
68 69 88
69 88 89
69 70 89
70 89 90
70 71 90
71 90 91
71 72 91
72 91 92
72 73 92
73 92 93
73 74 93
74 93 94
74 75 94
75 94 95
75 76 95
76 95 96
76 77 96
77 96 97
77 78 97
78 97 98
78 79 98
79 98 99
79 80 99
80 99 100
80 81 100
81 100 101
81 82 101
82 101 102
82 83 102
83 102 103
83 84 103
84 103 104
84 85 104
85 104 105
85 86 105
86 105 106
86 87 106
87 106 107
87 88 107
88 107 108
88 89 108
89 108 109
89 90 109
90 109 110
90 91 110
91 110 111
91 92 111
92 111 112
92 93 112
93 112 113
93 94 113
94 113 114
94 95 114
95 114 115
95 96 115
96 115 116
96 97 116
97 116 117
97 98 117
98 117 118
98 99 118
99 118 119
99 100 119
100 119 120
100 101 120
101 120 121
101 102 121
102 121 122
102 103 122
103 122 123
103 104 123
104 123 124
104 105 124
105 124 125
105 106 125
106 125 126
106 107 126
107 126 127
107 108 127
108 127 128
108 109 128
109 128 129
109 110 129
110 129 130
110 111 130
111 130 131
111 112 131
112 131 132
112 113 132
113 132 133
113 114 133
114 133 134
114 115 134
115 134 135
115 116 135
116 135 136
116 117 136
117 136 137
117 118 137
118 137 138
118 119 138
119 138 139
119 120 139
120 139 140
120 121 140
121 140 141
121 122 141
122 141 142
122 123 142
123 142 143
123 124 143
124 143 144
124 125 144
125 144 145
125 126 145
126 145 146
126 127 146
127 146 147
127 128 147
128 147 148
128 129 148
129 148 149
129 130 149
130 149 150
130 131 150
131 150 151
131 132 151
132 151 152
132 133 152
133 152 153
133 134 153
134 153 154
134 135 154
135 154 155
135 136 155
136 155 156
136 137 156
137 156 157
137 138 157
138 157 158
138 139 158
139 158 159
139 140 159
140 159 160
140 141 160
141 160 161
141 142 161
142 161 162
142 143 162
143 162 163
143 144 163
144 163 164
144 145 164
145 164 165
145 146 165
146 165 166
146 147 166
147 166 167
147 148 167
148 167 168
148 149 168
149 168 169
149 150 169
150 169 170
150 151 170
151 170 171
151 152 171
152 171 172
152 153 172
153 172 173
153 154 173
154 173 174
154 155 174
155 174 175
155 156 175
156 175 176
156 157 176
157 176 177
157 158 177
158 177 178
158 159 178
159 178 179
159 160 179
160 179 180
160 161 180
161 180 181
161 162 181
162 181 182
162 163 182
163 182 183
163 164 183
164 183 184
164 165 184
165 184 185
165 166 185
166 185 186
166 167 186
167 186 187
167 168 187
168 187 188
168 169 188
169 188 189
169 170 189
170 189 190
170 171 190
171 190 191
171 172 191
172 191 192
172 173 192
173 192 193
173 174 193
174 193 194
174 175 194
175 194 195
175 176 195
176 195 196
176 177 196
177 196 197
177 178 197
178 197 198
178 179 198
179 198 199
179 180 199
180 199 200
180 181 200
181 200 201
181 182 201
182 201 202
182 183 202
183 202 203
183 184 203
184 203 204
184 185 204
185 204 205
185 186 205
186 205 206
186 187 206
187 206 207
187 188 207
188 207 208
188 189 208
189 208 209
189 190 209
190 209 210
190 191 210
191 210 211
191 192 211
192 211 212
192 193 212
193 212 213
193 194 213
194 213 214
194 195 214
195 214 215
195 196 215
196 215 216
196 197 216
197 216 217
197 198 217
198 217 218
198 199 218
199 218 219
