220
233.536 406.545 -25.6364 1
209.803 417.292 -8.31208 1
186.878 419.093 12.9027 1
167.005 411.772 35.9314 1
152.128 396.045 58.5196 1
143.705 373.452 78.4565 1
142.56 346.204 93.7903 1
148.805 316.969 103.02 1
161.828 288.608 105.242 1
180.355 263.898 100.24 1
202.573 245.257 88.5018 1
226.305 234.511 71.1775 1
249.23 232.71 49.9628 1
269.104 240.031 26.9341 1
283.98 255.758 4.34583 1
292.403 278.351 -15.591 1
293.548 305.599 -30.9248 1
287.303 334.834 -40.1546 1
274.28 363.194 -42.377 1
255.753 387.904 -37.3743 1
252.882 413.46 -2.04041 1
228.202 423.869 14.129 1
202.529 424.687 31.9922 1
178.376 415.836 49.8007 1
158.107 398.181 65.8112 1
143.705 373.452 78.4565 1
136.582 344.067 86.4987 1
137.433 312.904 89.1508 1
146.177 283.014 86.1529 1
161.956 257.322 77.7987 1
183.226 238.342 64.9059 1
207.906 227.934 48.7365 1
233.579 227.115 30.8732 1
257.732 235.967 13.0648 1
278.002 253.621 -2.94573 1
292.403 278.351 -15.591 1
299.526 307.736 -23.6333 1
298.675 338.898 -26.2853 1
289.932 368.789 -23.2875 1
274.153 394.481 -14.9333 1
268.819 411.804 24.8321 1
243.36 422.294 39.6863 1
215.423 423.348 53.7326 1
187.744 414.863 65.596 1
163.032 397.67 74.1153 1
143.705 373.452 78.4565 1
131.657 344.579 78.1947 1
128.066 313.878 73.3555 1
133.283 284.354 64.4126 1
146.799 258.897 52.2414 1
167.289 239.998 38.0333 1
192.749 229.509 23.1791 1
220.685 228.455 9.13287 1
248.365 236.94 -2.73053 1
273.077 254.133 -11.2498 1
292.403 278.351 -15.591 1
304.451 307.224 -15.3292 1
308.043 337.925 -10.49 1
302.825 367.449 -1.54712 1
289.31 392.906 10.6241 1
279.787 401.74 52.3508 1
253.791 412.722 65.8581 1
224.296 415.205 75.9957 1
194.19 408.947 81.7711 1
166.421 394.56 82.619 1
143.705 373.452 78.4565 1
128.268 347.689 69.6909 1
121.619 319.794 57.1804 1
124.41 292.496 42.1495 1
136.367 268.469 26.0696 1
156.321 250.063 10.5147 1
182.317 239.081 -2.99266 1
211.812 236.597 -13.1302 1
241.918 242.856 -18.9056 1
269.687 257.243 -19.7535 1
292.403 278.351 -15.591 1
307.841 304.114 -6.82546 1
314.489 332.009 5.68506 1
311.698 359.307 20.7159 1
299.741 383.334 36.7959 1
284.712 384.251 77.8218 1
258.475 396.089 90.0825 1
228.281 401.057 96.6022 1
197.085 398.668 96.7426 1
167.943 389.155 90.49 1
143.705 373.452 78.4565 1
126.746 353.093 61.8199 1
118.724 330.073 42.2089 1
120.425 306.644 21.543 1
131.683 285.101 1.8452 1
151.396 267.551 -14.9564 1
177.633 255.713 -27.2171 1
207.828 250.746 -33.7367 1
239.023 253.135 -33.8771 1
268.165 262.647 -27.6245 1
292.403 278.351 -15.591 1
309.363 298.71 1.04553 1
317.384 321.73 20.6566 1
315.683 345.158 41.3225 1
304.425 366.702 61.0203 1
283.112 361.051 98.752 1
256.953 374.025 109.988 1
226.986 382.288 113.535 1
196.145 385.031 109.045 1
167.448 381.986 96.9578 1
143.705 373.452 78.4565 1
127.24 360.262 55.3522 1
119.664 343.71 29.9065 1
121.72 325.414 4.61015 1
133.205 307.165 -18.0606 1
152.996 290.751 -35.8865 1
179.155 277.778 -47.1228 1
209.122 269.515 -50.6696 1
239.963 266.772 -46.1795 1
268.66 269.816 -34.0923 1
292.403 278.351 -15.591 1
308.868 291.54 7.5133 1
316.444 308.093 32.959 1
314.388 326.389 58.2553 1
302.903 344.637 80.926 1
275.144 334.411 113.092 1
249.375 348.688 123.627 1
220.54 360.735 125.137 1
191.461 369.372 117.474 1
164.986 373.754 101.389 1
143.705 373.452 78.4565 1
129.702 368.495 50.9207 1
124.348 359.369 21.4773 1
128.166 346.966 -6.99154 1
140.783 332.502 -31.6992 1
160.964 317.392 -50.227 1
186.733 303.114 -60.7614 1
215.568 291.068 -62.2713 1
244.647 282.431 -54.6087 1
271.122 278.049 -38.5238 1
292.403 278.351 -15.591 1
306.406 283.308 11.9448 1
311.76 292.434 41.3881 1
307.942 304.836 69.857 1
295.325 319.3 94.5646 1
261.588 306.937 119.44 1
236.482 322.559 129.663 1
209.572 338.508 130.272 1
183.493 353.223 121.205 1
160.797 365.264 103.351 1
143.705 373.452 78.4565 1
133.892 376.985 48.9594 1
132.316 375.517 17.7466 1
139.134 369.193 -12.1264 1
153.676 358.631 -37.7356 1
174.521 344.866 -56.5741 1
199.626 329.244 -66.7979 1
226.536 313.294 -67.4061 1
252.615 298.579 -58.3394 1
275.311 286.539 -40.4851 1
292.403 278.351 -15.591 1
302.217 274.818 13.9061 1
303.792 276.285 45.1188 1
296.975 282.61 74.9919 1
282.432 293.171 100.601 1
243.77 281.32 117.172 1
219.536 298.196 127.507 1
195.157 317.783 128.437 1
173.02 338.166 119.872 1
155.291 357.348 102.65 1
143.705 373.452 78.4565 1
139.398 384.901 49.6601 1
142.79 390.575 19.0795 1
153.549 389.918 -10.2918 1
170.622 382.995 -35.5789 1
192.339 370.483 -54.3064 1
216.572 353.607 -64.6412 1
240.951 334.019 -65.5716 1
263.088 313.637 -57.0065 1
280.817 294.455 -39.7844 1
292.403 278.351 -15.591 1
296.711 266.902 13.2054 1
293.319 261.228 43.7859 1
282.559 261.885 73.1573 1
265.486 268.808 98.4444 1
223.434 260.066 106.511 1
200.196 277.982 117.368 1
178.706 300.589 119.813 1
161.067 325.674 113.606 1
149.007 350.78 99.3556 1
143.705 373.452 78.4565 1
145.682 391.468 52.9544 1
154.742 403.067 25.3456 1
170 407.112 -1.66739 1
189.962 403.208 -25.4403 1
212.674 391.736 -43.646 1
235.912 373.82 -54.5025 1
257.403 351.214 -56.9471 1
275.041 326.129 -50.7404 1
287.101 301.022 -36.4901 1
292.403 278.351 -15.591 1
290.427 260.334 9.91111 1
281.366 248.736 37.5199 1
266.108 244.69 64.5329 1
246.146 248.595 88.3057 1
202.573 245.257 88.5018 1
180.355 263.898 100.24 1
161.828 288.608 105.242 1
148.805 316.969 103.02 1
142.56 346.204 93.7903 1
143.705 373.452 78.4565 1
152.128 396.045 58.5196 1
167.005 411.772 35.9314 1
186.878 419.093 12.9027 1
209.803 417.292 -8.31208 1
233.536 406.545 -25.6364 1
255.753 387.904 -37.3743 1
274.28 363.194 -42.377 1
287.303 334.834 -40.1546 1
293.548 305.599 -30.9248 1
292.403 278.351 -15.591 1
283.98 255.758 4.34583 1
269.104 240.031 26.9341 1
249.23 232.71 49.9628 1
226.305 234.511 71.1775 1
398
0 1 20
1 20 21
1 2 21
2 21 22
2 3 22
3 22 23
3 4 23
4 23 24
4 5 24
5 24 25
5 6 25
6 25 26
6 7 26
7 26 27
7 8 27
8 27 28
8 9 28
9 28 29
9 10 29
10 29 30
10 11 30
11 30 31
11 12 31
12 31 32
12 13 32
13 32 33
13 14 33
14 33 34
14 15 34
15 34 35
15 16 35
16 35 36
16 17 36
17 36 37
17 18 37
18 37 38
18 19 38
19 38 39
19 20 39
20 39 40
20 21 40
21 40 41
21 22 41
22 41 42
22 23 42
23 42 43
23 24 43
24 43 44
24 25 44
25 44 45
25 26 45
26 45 46
26 27 46
27 46 47
27 28 47
28 47 48
28 29 48
29 48 49
29 30 49
30 49 50
30 31 50
31 50 51
31 32 51
32 51 52
32 33 52
33 52 53
33 34 53
34 53 54
34 35 54
35 54 55
35 36 55
36 55 56
36 37 56
37 56 57
37 38 57
38 57 58
38 39 58
39 58 59
39 40 59
40 59 60
40 41 60
41 60 61
41 42 61
42 61 62
42 43 62
43 62 63
43 44 63
44 63 64
44 45 64
45 64 65
45 46 65
46 65 66
46 47 66
47 66 67
47 48 67
48 67 68
48 49 68
49 68 69
49 50 69
50 69 70
50 51 70
51 70 71
51 52 71
52 71 72
52 53 72
53 72 73
53 54 73
54 73 74
54 55 74
55 74 75
55 56 75
56 75 76
56 57 76
57 76 77
57 58 77
58 77 78
58 59 78
59 78 79
59 60 79
60 79 80
60 61 80
61 80 81
61 62 81
62 81 82
62 63 82
63 82 83
63 64 83
64 83 84
64 65 84
65 84 85
65 66 85
66 85 86
66 67 86
67 86 87
67 68 87
68 87 88
68 69 88
69 88 89
69 70 89
70 89 90
70 71 90
71 90 91
71 72 91
72 91 92
72 73 92
73 92 93
73 74 93
74 93 94
74 75 94
75 94 95
75 76 95
76 95 96
76 77 96
77 96 97
77 78 97
78 97 98
78 79 98
79 98 99
79 80 99
80 99 100
80 81 100
81 100 101
81 82 101
82 101 102
82 83 102
83 102 103
83 84 103
84 103 104
84 85 104
85 104 105
85 86 105
86 105 106
86 87 106
87 106 107
87 88 107
88 107 108
88 89 108
89 108 109
89 90 109
90 109 110
90 91 110
91 110 111
91 92 111
92 111 112
92 93 112
93 112 113
93 94 113
94 113 114
94 95 114
95 114 115
95 96 115
96 115 116
96 97 116
97 116 117
97 98 117
98 117 118
98 99 118
99 118 119
99 100 119
100 119 120
100 101 120
101 120 121
101 102 121
102 121 122
102 103 122
103 122 123
103 104 123
104 123 124
104 105 124
105 124 125
105 106 125
106 125 126
106 107 126
107 126 127
107 108 127
108 127 128
108 109 128
109 128 129
109 110 129
110 129 130
110 111 130
111 130 131
111 112 131
112 131 132
112 113 132
113 132 133
113 114 133
114 133 134
114 115 134
115 134 135
115 116 135
116 135 136
116 117 136
117 136 137
117 118 137
118 137 138
118 119 138
119 138 139
119 120 139
120 139 140
120 121 140
121 140 141
121 122 141
122 141 142
122 123 142
123 142 143
123 124 143
124 143 144
124 125 144
125 144 145
125 126 145
126 145 146
126 127 146
127 146 147
127 128 147
128 147 148
128 129 148
129 148 149
129 130 149
130 149 150
130 131 150
131 150 151
131 132 151
132 151 152
132 133 152
133 152 153
133 134 153
134 153 154
134 135 154
135 154 155
135 136 155
136 155 156
136 137 156
137 156 157
137 138 157
138 157 158
138 139 158
139 158 159
139 140 159
140 159 160
140 141 160
141 160 161
141 142 161
142 161 162
142 143 162
143 162 163
143 144 163
144 163 164
144 145 164
145 164 165
145 146 165
146 165 166
146 147 166
147 166 167
147 148 167
148 167 168
148 149 168
149 168 169
149 150 169
150 169 170
150 151 170
151 170 171
151 152 171
152 171 172
152 153 172
153 172 173
153 154 173
154 173 174
154 155 174
155 174 175
155 156 175
156 175 176
156 157 176
157 176 177
157 158 177
158 177 178
158 159 178
159 178 179
159 160 179
160 179 180
160 161 180
161 180 181
161 162 181
162 181 182
162 163 182
163 182 183
163 164 183
164 183 184
164 165 184
165 184 185
165 166 185
166 185 186
166 167 186
167 186 187
167 168 187
168 187 188
168 169 188
169 188 189
169 170 189
170 189 190
170 171 190
171 190 191
171 172 191
172 191 192
172 173 192
173 192 193
173 174 193
174 193 194
174 175 194
175 194 195
175 176 195
176 195 196
176 177 196
177 196 197
177 178 197
178 197 198
178 179 198
179 198 199
179 180 199
180 199 200
180 181 200
181 200 201
181 182 201
182 201 202
182 183 202
183 202 203
183 184 203
184 203 204
184 185 204
185 204 205
185 186 205
186 205 206
186 187 206
187 206 207
187 188 207
188 207 208
188 189 208
189 208 209
189 190 209
190 209 210
190 191 210
191 210 211
191 192 211
192 211 212
192 193 212
193 212 213
193 194 213
194 213 214
194 195 214
195 214 215
195 196 215
196 215 216
196 197 216
197 216 217
197 198 217
198 217 218
198 199 218
199 218 219
