440
335.808 326.075 153.255 1
330.99 370.047 137.58 1
315.616 407.586 113.981 1
291.192 435.018 84.768 1
260.107 449.657 52.8013 1
225.404 450.071 21.2098 1
190.481 436.219 -6.91425 1
158.756 409.456 -28.8178 1
133.335 372.403 -42.3567 1
116.705 328.687 -46.2058 1
110.496 282.587 -39.9883 1
115.313 238.615 -24.3127 1
130.687 201.076 -0.713558 1
155.112 173.644 28.4991 1
186.197 159.005 60.4658 1
220.9 158.591 92.0574 1
255.822 172.444 120.181 1
287.547 199.206 142.085 1
312.969 236.259 155.624 1
329.598 279.975 159.473 1
323.771 328.61 162.92 1
319.032 371.865 147.5 1
303.909 408.791 124.286 1
279.883 435.776 95.55 1
249.305 450.176 64.1049 1
215.168 450.583 33.0287 1
180.815 436.957 5.36352 1
149.608 410.631 -16.1827 1
124.601 374.183 -29.5007 1
108.243 331.18 -33.287 1
102.135 285.832 -27.1709 1
106.874 242.577 -11.7511 1
121.997 205.65 11.463 1
146.023 178.666 40.1991 1
176.601 164.266 71.6443 1
210.737 163.859 102.72 1
245.091 177.485 130.386 1
276.298 203.811 151.932 1
301.305 240.259 165.25 1
317.663 283.262 169.036 1
309.237 330.188 168.486 1
304.726 371.36 153.808 1
290.331 406.51 131.712 1
267.461 432.195 104.359 1
238.355 445.902 74.427 1
205.861 446.29 44.8466 1
173.162 433.319 18.513 1
143.456 408.261 -1.99616 1
119.653 373.567 -14.6732 1
104.083 332.634 -18.2773 1
98.2681 289.468 -12.4555 1
102.779 248.296 2.2221 1
117.174 213.146 24.3189 1
140.044 187.461 51.6719 1
169.15 173.753 81.6035 1
201.644 173.366 111.184 1
234.343 186.337 137.518 1
264.048 211.395 158.027 1
287.852 246.089 170.704 1
303.422 287.022 174.308 1
293.628 330.653 169.408 1
289.472 368.583 155.887 1
276.21 400.964 135.53 1
255.142 424.627 110.332 1
228.328 437.254 82.7573 1
198.394 437.611 55.5065 1
168.269 425.662 31.2469 1
140.904 402.577 12.353 1
118.975 370.616 0.6744 1
104.631 332.906 -2.64581 1
99.2742 293.141 2.71741 1
103.43 255.211 16.2391 1
116.691 222.83 36.5956 1
137.76 199.167 61.7943 1
164.574 186.539 89.3686 1
194.508 186.182 116.619 1
224.632 198.131 140.879 1
251.998 221.216 159.773 1
273.926 253.178 171.451 1
288.271 290.887 174.772 1
278.471 329.961 165.597 1
274.763 363.805 153.532 1
262.93 392.698 135.368 1
244.131 413.811 112.884 1
220.206 425.079 88.2803 1
193.496 425.397 63.9652 1
166.617 414.735 42.3189 1
142.199 394.137 25.4603 1
122.633 365.619 15.0398 1
109.834 331.971 12.0772 1
105.055 296.489 16.8627 1
108.763 262.645 28.9278 1
120.595 233.753 47.0914 1
139.395 212.639 69.5756 1
163.32 201.372 94.1794 1
190.029 201.053 118.495 1
216.909 211.715 140.141 1
241.326 232.313 156.999 1
260.893 260.832 167.42 1
273.692 294.479 170.382 1
265.252 328.179 157.425 1
262.04 357.494 146.974 1
251.791 382.52 131.242 1
235.507 400.807 111.767 1
214.784 410.567 90.4554 1
191.649 410.843 69.3944 1
168.367 401.608 50.6451 1
147.217 383.766 36.0427 1
130.27 359.064 27.0167 1
119.183 329.92 24.4507 1
115.043 299.187 28.5957 1
118.255 269.872 39.0461 1
128.505 244.846 54.7788 1
144.788 226.558 74.254 1
165.511 216.799 95.5651 1
188.646 216.523 116.626 1
211.928 225.758 135.375 1
233.078 243.6 149.978 1
250.026 268.301 159.004 1
261.112 297.445 161.57 1
255.263 325.481 145.692 1
252.547 350.267 136.856 1
243.882 371.426 123.554 1
230.114 386.888 107.088 1
212.593 395.14 89.0698 1
193.032 395.373 71.2629 1
173.348 387.565 55.4104 1
155.466 372.48 43.0643 1
141.137 351.595 35.4329 1
131.763 326.954 33.2633 1
128.263 300.969 36.7679 1
130.979 276.184 45.6036 1
139.644 255.024 58.9055 1
153.412 239.562 75.3716 1
170.933 231.311 93.3899 1
190.493 231.077 111.197 1
210.178 238.885 127.049 1
228.06 253.97 139.395 1
242.389 274.855 147.027 1
251.763 299.497 149.196 1
249.482 322.133 131.547 1
247.215 342.832 124.167 1
239.977 360.503 113.058 1
228.48 373.416 99.3069 1
213.847 380.307 84.259 1
197.511 380.502 69.3876 1
181.072 373.981 56.1485 1
166.137 361.383 45.8377 1
154.171 343.941 39.4644 1
146.342 323.362 37.6525 1
143.419 301.661 40.5793 1
145.687 280.962 47.9584 1
152.924 263.291 59.0674 1
164.422 250.378 72.819 1
179.055 243.486 87.8669 1
195.391 243.292 102.738 1
211.83 249.812 115.977 1
226.764 262.41 126.288 1
238.731 279.853 132.661 1
246.559 300.431 134.473 1
248.476 318.46 116.374 1
246.564 335.917 110.15 1
240.46 350.82 100.782 1
230.764 361.71 89.1845 1
218.423 367.522 76.4939 1
204.647 367.686 63.9522 1
190.782 362.187 52.7871 1
178.188 351.562 44.0916 1
168.096 336.852 38.7167 1
161.494 319.497 37.1886 1
159.029 301.196 39.6569 1
160.941 283.739 45.88 1
167.045 268.836 55.2488 1
176.741 257.946 66.846 1
189.082 252.134 79.5366 1
202.858 251.97 92.0783 1
216.723 257.469 103.243 1
229.317 268.094 111.939 1
239.409 282.804 117.314 1
246.011 300.159 118.842 1
252.343 314.824 101.658 1
250.658 330.198 96.1773 1
245.283 343.324 87.9259 1
236.743 352.915 77.7117 1
225.874 358.034 66.5347 1
213.74 358.179 55.4887 1
201.53 353.335 45.6552 1
190.437 343.978 37.9967 1
181.549 331.022 33.2628 1
175.734 315.737 31.917 1
173.563 299.618 34.091 1
175.248 284.244 39.5719 1
180.623 271.118 47.8233 1
189.163 261.527 58.0374 1
200.032 256.408 69.2145 1
212.165 256.263 80.2604 1
224.376 261.107 90.0939 1
235.469 270.464 97.7525 1
244.357 283.42 102.486 1
250.172 298.705 103.832 1
260.704 311.579 88.8408 1
259.098 326.236 83.6157 1
253.973 338.749 75.7493 1
245.832 347.893 66.0117 1
235.47 352.773 55.3562 1
223.903 352.911 44.8256 1
212.262 348.294 35.451 1
201.687 339.373 28.1498 1
193.213 327.022 23.6368 1
187.67 312.45 22.3538 1
185.6 297.083 24.4263 1
187.206 282.426 29.6515 1
192.33 269.913 37.5179 1
200.472 260.769 47.2554 1
210.834 255.889 57.911 1
222.401 255.751 68.4415 1
234.042 260.369 77.8162 1
244.617 269.289 85.1173 1
253.091 281.64 89.6303 1
258.634 296.212 90.9134 1
272.741 309.044 79.1762 1
271.056 324.419 73.6952 1
265.681 337.544 65.4438 1
257.141 347.136 55.2297 1
246.272 352.254 44.0526 1
234.138 352.399 33.0067 1
221.927 347.555 23.1732 1
210.835 338.198 15.5147 1
201.946 325.243 10.7808 1
196.132 309.957 9.43498 1
193.961 293.838 11.6089 1
195.645 278.464 17.0899 1
201.021 265.338 25.3413 1
209.561 255.747 35.5554 1
220.43 250.628 46.7325 1
232.563 250.484 57.7784 1
244.774 255.327 67.6119 1
255.866 264.684 75.2704 1
264.755 277.64 80.0043 1
270.569 292.925 81.3501 1
287.275 307.466 73.6102 1
285.362 324.923 67.3871 1
279.259 339.826 58.0184 1
269.563 350.716 46.4211 1
257.222 356.528 33.7305 1
243.445 356.692 21.1888 1
229.581 351.193 10.0238 1
216.987 340.568 1.32818 1
206.894 325.859 -4.0467 1
200.293 308.503 -5.57477 1
197.827 290.202 -3.10644 1
199.74 272.745 3.11667 1
205.843 257.843 12.4854 1
215.54 246.952 24.0827 1
227.88 241.141 36.7733 1
241.657 240.976 49.3149 1
255.521 246.476 60.48 1
268.116 257.1 69.1756 1
278.208 271.81 74.5505 1
284.81 289.165 76.0785 1
302.884 307.001 72.6878 1
300.616 327.7 65.3087 1
293.379 345.371 54.1997 1
281.882 358.285 40.4482 1
267.249 365.176 25.4002 1
250.913 365.371 10.5289 1
234.473 358.85 -2.71019 1
219.539 346.252 -13.021 1
207.573 328.81 -19.3943 1
199.744 308.231 -21.2062 1
196.821 286.529 -18.2794 1
199.089 265.83 -10.9003 1
206.326 248.159 0.208715 1
217.824 235.246 13.9602 1
232.457 228.355 29.0082 1
248.793 228.16 43.8795 1
265.232 234.681 57.1186 1
280.166 247.279 67.4294 1
292.133 264.721 73.8027 1
299.961 285.3 75.6146 1
318.041 307.693 76.4992 1
315.325 332.478 67.6635 1
306.659 353.638 54.3616 1
292.892 369.1 37.8956 1
275.371 377.352 19.8772 1
255.81 377.585 2.07026 1
236.126 369.777 -13.7822 1
218.243 354.692 -26.1283 1
203.914 333.807 -33.7597 1
194.541 309.166 -35.9293 1
191.041 283.181 -32.4247 1
193.756 258.395 -23.589 1
202.422 237.236 -10.2871 1
216.189 221.774 6.17898 1
233.711 213.522 24.1974 1
253.271 213.289 42.0043 1
272.956 221.097 57.8567 1
290.838 236.182 70.2029 1
305.167 257.067 77.8342 1
314.54 281.708 80.0038 1
331.26 309.475 84.6714 1
328.048 338.79 74.2211 1
317.799 363.816 58.4883 1
301.516 382.104 39.0132 1
280.793 391.863 17.702 1
257.658 392.139 -3.35899 1
234.376 382.904 -22.1083 1
213.226 365.063 -36.7107 1
196.278 340.361 -45.7367 1
185.192 311.217 -48.3027 1
181.052 280.483 -44.1577 1
184.264 251.169 -33.7073 1
194.513 226.143 -17.9745 1
210.796 207.855 1.50057 1
231.52 198.095 22.8117 1
254.655 197.819 43.8727 1
277.936 207.054 62.6221 1
299.086 224.896 77.2244 1
316.034 249.598 86.2504 1
327.12 278.742 88.8165 1
341.249 312.173 96.4044 1
337.541 346.017 84.3394 1
325.708 374.909 66.1758 1
306.909 396.023 43.6916 1
282.984 407.29 19.0877 1
256.274 407.609 -5.22744 1
229.395 396.947 -26.8737 1
204.977 376.349 -43.7323 1
185.411 347.83 -54.1528 1
172.612 314.183 -57.1154 1
167.832 278.701 -52.3299 1
171.541 244.857 -40.2648 1
183.373 215.964 -22.1012 1
202.172 194.851 0.38297 1
226.098 183.583 24.9868 1
252.807 183.265 49.302 1
279.686 193.927 70.9483 1
304.104 214.525 87.8068 1
323.67 243.044 98.2274 1
336.47 276.691 101.19 1
347.029 315.522 110.55 1
342.874 353.452 97.0281 1
329.612 385.833 76.6715 1
308.544 409.495 51.4728 1
281.73 422.123 23.8985 1
251.796 422.48 -3.35218 1
221.671 410.531 -27.6118 1
194.306 387.446 -46.5057 1
172.377 355.484 -58.1843 1
158.033 317.775 -61.5045 1
152.676 278.009 -56.1413 1
156.832 240.079 -42.6197 1
170.093 207.698 -22.2631 1
191.162 184.035 2.93557 1
217.976 171.408 30.5099 1
247.91 171.051 57.7606 1
278.034 183 82.0202 1
305.4 206.085 100.914 1
327.328 238.046 112.593 1
341.673 275.756 115.913 1
348.036 319.194 125.723 1
343.525 360.367 111.045 1
329.129 395.516 88.9482 1
306.26 421.201 61.5953 1
277.153 434.909 31.6636 1
244.66 435.296 2.08321 1
211.96 422.326 -24.2504 1
182.255 397.267 -44.7595 1
158.452 362.573 -57.4366 1
142.881 321.64 -61.0406 1
137.067 278.474 -55.2189 1
141.578 237.302 -40.5413 1
155.973 202.152 -18.4445 1
178.843 176.467 8.90851 1
207.949 162.76 38.8402 1
240.442 162.372 68.4206 1
273.142 175.343 94.7542 1
302.847 200.401 115.263 1
326.65 235.095 127.94 1
342.221 276.029 131.544 1
344.169 322.831 140.438 1
339.43 366.085 125.018 1
324.307 403.012 101.804 1
300.28 429.996 73.068 1
269.703 444.396 41.6228 1
235.566 444.803 10.5467 1
201.213 431.177 -17.1185 1
170.006 404.851 -38.6647 1
144.999 368.403 -51.9828 1
128.641 325.4 -55.7691 1
122.532 280.052 -49.6529 1
127.272 236.797 -34.2331 1
142.395 199.871 -11.019 1
166.421 172.886 17.7171 1
196.999 158.486 49.1623 1
231.135 158.079 80.2384 1
265.488 171.705 107.904 1
296.696 198.031 129.45 1
321.702 234.479 142.768 1
338.06 277.482 146.554 1
335.808 326.075 153.255 1
330.99 370.047 137.58 1
315.616 407.586 113.981 1
291.192 435.018 84.768 1
260.107 449.657 52.8013 1
225.404 450.071 21.2098 1
190.481 436.219 -6.91425 1
158.756 409.456 -28.8178 1
133.335 372.403 -42.3567 1
116.705 328.687 -46.2058 1
110.496 282.587 -39.9883 1
115.313 238.615 -24.3127 1
130.687 201.076 -0.713558 1
155.112 173.644 28.4991 1
186.197 159.005 60.4658 1
220.9 158.591 92.0574 1
255.822 172.444 120.181 1
287.547 199.206 142.085 1
312.969 236.259 155.624 1
329.598 279.975 159.473 1
323.771 328.61 162.92 1
319.032 371.865 147.5 1
303.909 408.791 124.286 1
279.883 435.776 95.55 1
249.305 450.176 64.1049 1
215.168 450.583 33.0287 1
180.815 436.957 5.36352 1
149.608 410.631 -16.1827 1
124.601 374.183 -29.5007 1
108.243 331.18 -33.287 1
102.135 285.832 -27.1709 1
106.874 242.577 -11.7511 1
121.997 205.65 11.463 1
146.023 178.666 40.1991 1
176.601 164.266 71.6443 1
210.737 163.859 102.72 1
245.091 177.485 130.386 1
276.298 203.811 151.932 1
301.305 240.259 165.25 1
317.663 283.262 169.036 1
838
0 1 20
1 20 21
1 2 21
2 21 22
2 3 22
3 22 23
3 4 23
4 23 24
4 5 24
5 24 25
5 6 25
6 25 26
6 7 26
7 26 27
7 8 27
8 27 28
8 9 28
9 28 29
9 10 29
10 29 30
10 11 30
11 30 31
11 12 31
12 31 32
12 13 32
13 32 33
13 14 33
14 33 34
14 15 34
15 34 35
15 16 35
16 35 36
16 17 36
17 36 37
17 18 37
18 37 38
18 19 38
19 38 39
19 20 39
20 39 40
20 21 40
21 40 41
21 22 41
22 41 42
22 23 42
23 42 43
23 24 43
24 43 44
24 25 44
25 44 45
25 26 45
26 45 46
26 27 46
27 46 47
27 28 47
28 47 48
28 29 48
29 48 49
29 30 49
30 49 50
30 31 50
31 50 51
31 32 51
32 51 52
32 33 52
33 52 53
33 34 53
34 53 54
34 35 54
35 54 55
35 36 55
36 55 56
36 37 56
37 56 57
37 38 57
38 57 58
38 39 58
39 58 59
39 40 59
40 59 60
40 41 60
41 60 61
41 42 61
42 61 62
42 43 62
43 62 63
43 44 63
44 63 64
44 45 64
45 64 65
45 46 65
46 65 66
46 47 66
47 66 67
47 48 67
48 67 68
48 49 68
49 68 69
49 50 69
50 69 70
50 51 70
51 70 71
51 52 71
52 71 72
52 53 72
53 72 73
53 54 73
54 73 74
54 55 74
55 74 75
55 56 75
56 75 76
56 57 76
57 76 77
57 58 77
58 77 78
58 59 78
59 78 79
59 60 79
60 79 80
60 61 80
61 80 81
61 62 81
62 81 82
62 63 82
63 82 83
63 64 83
64 83 84
64 65 84
65 84 85
65 66 85
66 85 86
66 67 86
67 86 87
67 68 87
68 87 88
68 69 88
69 88 89
69 70 89
70 89 90
70 71 90
71 90 91
71 72 91
72 91 92
72 73 92
73 92 93
73 74 93
74 93 94
74 75 94
75 94 95
75 76 95
76 95 96
76 77 96
77 96 97
77 78 97
78 97 98
78 79 98
79 98 99
79 80 99
80 99 100
80 81 100
81 100 101
81 82 101
82 101 102
82 83 102
83 102 103
83 84 103
84 103 104
84 85 104
85 104 105
85 86 105
86 105 106
86 87 106
87 106 107
87 88 107
88 107 108
88 89 108
89 108 109
89 90 109
90 109 110
90 91 110
91 110 111
91 92 111
92 111 112
92 93 112
93 112 113
93 94 113
94 113 114
94 95 114
95 114 115
95 96 115
96 115 116
96 97 116
97 116 117
97 98 117
98 117 118
98 99 118
99 118 119
99 100 119
100 119 120
100 101 120
101 120 121
101 102 121
102 121 122
102 103 122
103 122 123
103 104 123
104 123 124
104 105 124
105 124 125
105 106 125
106 125 126
106 107 126
107 126 127
107 108 127
108 127 128
108 109 128
109 128 129
109 110 129
110 129 130
110 111 130
111 130 131
111 112 131
112 131 132
112 113 132
113 132 133
113 114 133
114 133 134
114 115 134
115 134 135
115 116 135
116 135 136
116 117 136
117 136 137
117 118 137
118 137 138
118 119 138
119 138 139
119 120 139
120 139 140
120 121 140
121 140 141
121 122 141
122 141 142
122 123 142
123 142 143
123 124 143
124 143 144
124 125 144
125 144 145
125 126 145
126 145 146
126 127 146
127 146 147
127 128 147
128 147 148
128 129 148
129 148 149
129 130 149
130 149 150
130 131 150
131 150 151
131 132 151
132 151 152
132 133 152
133 152 153
133 134 153
134 153 154
134 135 154
135 154 155
135 136 155
136 155 156
136 137 156
137 156 157
137 138 157
138 157 158
138 139 158
139 158 159
139 140 159
140 159 160
140 141 160
141 160 161
141 142 161
142 161 162
142 143 162
143 162 163
143 144 163
144 163 164
144 145 164
145 164 165
145 146 165
146 165 166
146 147 166
147 166 167
147 148 167
148 167 168
148 149 168
149 168 169
149 150 169
150 169 170
150 151 170
151 170 171
151 152 171
152 171 172
152 153 172
153 172 173
153 154 173
154 173 174
154 155 174
155 174 175
155 156 175
156 175 176
156 157 176
157 176 177
157 158 177
158 177 178
158 159 178
159 178 179
159 160 179
160 179 180
160 161 180
161 180 181
161 162 181
162 181 182
162 163 182
163 182 183
163 164 183
164 183 184
164 165 184
165 184 185
165 166 185
166 185 186
166 167 186
167 186 187
167 168 187
168 187 188
168 169 188
169 188 189
169 170 189
170 189 190
170 171 190
171 190 191
171 172 191
172 191 192
172 173 192
173 192 193
173 174 193
174 193 194
174 175 194
175 194 195
175 176 195
176 195 196
176 177 196
177 196 197
177 178 197
178 197 198
178 179 198
179 198 199
179 180 199
180 199 200
180 181 200
181 200 201
181 182 201
182 201 202
182 183 202
183 202 203
183 184 203
184 203 204
184 185 204
185 204 205
185 186 205
186 205 206
186 187 206
187 206 207
187 188 207
188 207 208
188 189 208
189 208 209
189 190 209
190 209 210
190 191 210
191 210 211
191 192 211
192 211 212
192 193 212
193 212 213
193 194 213
194 213 214
194 195 214
195 214 215
195 196 215
196 215 216
196 197 216
197 216 217
197 198 217
198 217 218
198 199 218
199 218 219
199 200 219
200 219 220
200 201 220
201 220 221
201 202 221
202 221 222
202 203 222
203 222 223
203 204 223
204 223 224
204 205 224
205 224 225
205 206 225
206 225 226
206 207 226
207 226 227
207 208 227
208 227 228
208 209 228
209 228 229
209 210 229
210 229 230
210 211 230
211 230 231
211 212 231
212 231 232
212 213 232
213 232 233
213 214 233
214 233 234
214 215 234
215 234 235
215 216 235
216 235 236
216 217 236
217 236 237
217 218 237
218 237 238
218 219 238
219 238 239
219 220 239
220 239 240
220 221 240
221 240 241
221 222 241
222 241 242
222 223 242
223 242 243
223 224 243
224 243 244
224 225 244
225 244 245
225 226 245
226 245 246
226 227 246
227 246 247
227 228 247
228 247 248
228 229 248
229 248 249
229 230 249
230 249 250
230 231 250
231 250 251
231 232 251
232 251 252
232 233 252
233 252 253
233 234 253
234 253 254
234 235 254
235 254 255
235 236 255
236 255 256
236 237 256
237 256 257
237 238 257
238 257 258
238 239 258
239 258 259
239 240 259
240 259 260
240 241 260
241 260 261
241 242 261
242 261 262
242 243 262
243 262 263
243 244 263
244 263 264
244 245 264
245 264 265
245 246 265
246 265 266
246 247 266
247 266 267
247 248 267
248 267 268
248 249 268
249 268 269
249 250 269
250 269 270
250 251 270
251 270 271
251 252 271
252 271 272
252 253 272
253 272 273
253 254 273
254 273 274
254 255 274
255 274 275
255 256 275
256 275 276
256 257 276
257 276 277
257 258 277
258 277 278
258 259 278
259 278 279
259 260 279
260 279 280
260 261 280
261 280 281
261 262 281
262 281 282
262 263 282
263 282 283
263 264 283
264 283 284
264 265 284
265 284 285
265 266 285
266 285 286
266 267 286
267 286 287
267 268 287
268 287 288
268 269 288
269 288 289
269 270 289
270 289 290
270 271 290
271 290 291
271 272 291
272 291 292
272 273 292
273 292 293
273 274 293
274 293 294
274 275 294
275 294 295
275 276 295
276 295 296
276 277 296
277 296 297
277 278 297
278 297 298
278 279 298
279 298 299
279 280 299
280 299 300
280 281 300
281 300 301
281 282 301
282 301 302
282 283 302
283 302 303
283 284 303
284 303 304
284 285 304
285 304 305
285 286 305
286 305 306
286 287 306
287 306 307
287 288 307
288 307 308
288 289 308
289 308 309
289 290 309
290 309 310
290 291 310
291 310 311
291 292 311
292 311 312
292 293 312
293 312 313
293 294 313
294 313 314
294 295 314
295 314 315
295 296 315
296 315 316
296 297 316
297 316 317
297 298 317
298 317 318
298 299 318
299 318 319
299 300 319
300 319 320
300 301 320
301 320 321
301 302 321
302 321 322
302 303 322
303 322 323
303 304 323
304 323 324
304 305 324
305 324 325
305 306 325
306 325 326
306 307 326
307 326 327
307 308 327
308 327 328
308 309 328
309 328 329
309 310 329
310 329 330
310 311 330
311 330 331
311 312 331
312 331 332
312 313 332
313 332 333
313 314 333
314 333 334
314 315 334
315 334 335
315 316 335
316 335 336
316 317 336
317 336 337
317 318 337
318 337 338
318 319 338
319 338 339
319 320 339
320 339 340
320 321 340
321 340 341
321 322 341
322 341 342
322 323 342
323 342 343
323 324 343
324 343 344
324 325 344
325 344 345
325 326 345
326 345 346
326 327 346
327 346 347
327 328 347
328 347 348
328 329 348
329 348 349
329 330 349
330 349 350
330 331 350
331 350 351
331 332 351
332 351 352
332 333 352
333 352 353
333 334 353
334 353 354
334 335 354
335 354 355
335 336 355
336 355 356
336 337 356
337 356 357
337 338 357
338 357 358
338 339 358
339 358 359
339 340 359
340 359 360
340 341 360
341 360 361
341 342 361
342 361 362
342 343 362
343 362 363
343 344 363
344 363 364
344 345 364
345 364 365
345 346 365
346 365 366
346 347 366
347 366 367
347 348 367
348 367 368
348 349 368
349 368 369
349 350 369
350 369 370
350 351 370
351 370 371
351 352 371
352 371 372
352 353 372
353 372 373
353 354 373
354 373 374
354 355 374
355 374 375
355 356 375
356 375 376
356 357 376
357 376 377
357 358 377
358 377 378
358 359 378
359 378 379
359 360 379
360 379 380
360 361 380
361 380 381
361 362 381
362 381 382
362 363 382
363 382 383
363 364 383
364 383 384
364 365 384
365 384 385
365 366 385
366 385 386
366 367 386
367 386 387
367 368 387
368 387 388
368 369 388
369 388 389
369 370 389
370 389 390
370 371 390
371 390 391
371 372 391
372 391 392
372 373 392
373 392 393
373 374 393
374 393 394
374 375 394
375 394 395
375 376 395
376 395 396
376 377 396
377 396 397
377 378 397
378 397 398
378 379 398
379 398 399
379 380 399
380 399 400
380 381 400
381 400 401
381 382 401
382 401 402
382 383 402
383 402 403
383 384 403
384 403 404
384 385 404
385 404 405
385 386 405
386 405 406
386 387 406
387 406 407
387 388 407
388 407 408
388 389 408
389 408 409
389 390 409
390 409 410
390 391 410
391 410 411
391 392 411
392 411 412
392 393 412
393 412 413
393 394 413
394 413 414
394 395 414
395 414 415
395 396 415
396 415 416
396 397 416
397 416 417
397 398 417
398 417 418
398 399 418
399 418 419
399 400 419
400 419 420
400 401 420
401 420 421
401 402 421
402 421 422
402 403 422
403 422 423
403 404 423
404 423 424
404 405 424
405 424 425
405 406 425
406 425 426
406 407 426
407 426 427
407 408 427
408 427 428
408 409 428
409 428 429
409 410 429
410 429 430
410 411 430
411 430 431
411 412 431
412 431 432
412 413 432
413 432 433
413 414 433
414 433 434
414 415 434
415 434 435
415 416 435
416 435 436
416 417 436
417 436 437
417 418 437
418 437 438
418 419 438
419 438 439
